1000 1000
8316 666
9741 333
8085 0
6718 0
8376 0
1830 666
7475 0
3886 666
9014 666
2666 666
8989 666
1035 666
9554 666
8214 333
7004 333
8491 666
6386 0
6479 333
3076 666
3606 666
3781 666
1080 666
209 333
921 666
7312 333
9396 666
1712 333
474 666
1771 666
1528 666
8692 666
9077 333
2994 666
9848 666
5393 666
6847 333
8321 666
2749 666
9591 666
4013 333
3557 333
351 0
6014 333
1072 333
5243 666
4380 333
4392 333
8731 666
5809 666
9226 0
126 333
2785 666
5753 333
6263 333
4830 333
3026 666
1376 666
8915 333
6005 666
4631 333
8790 333
1661 333
9980 333
5065 666
4949 333
2219 666
9916 666
9483 333
4244 333
2452 333
1144 666
2851 333
4866 666
221 0
9399 666
7568 666
2572 333
1357 0
3630 333
1236 333
754 333
8196 666
3944 333
413 666
4776 666
8731 666
7033 666
2659 333
5456 0
8295 0
5898 333
1031 666
1214 666
3960 666
8111 666
2251 666
979 0
292 666
6962 333
2251 666
230 666
4005 666
2859 666
500 666
676 333
4175 333
8119 666
7619 666
79 333
4122 333
6888 666
9112 333
2400 0
891 666
3363 0
1771 666
114 333
8309 333
5703 666
8253 333
9846 333
6 666
57 333
9702 0
9721 0
9519 666
8993 666
5823 333
1825 666
5593 666
1292 666
6841 666
5976 0
2162 333
5516 666
1932 666
1672 666
4120 333
8089 666
4343 666
3494 666
1958 333
7702 333
4241 333
1535 333
643 333
1793 333
6522 333
2464 666
659 333
7559 333
2334 333
8764 666
2078 666
9520 666
9823 333
3323 666
5697 666
7991 333
1781 333
4125 333
8849 666
7996 666
5268 333
9064 666
7282 333
6130 666
1055 666
4067 333
8703 333
3659 333
8765 666
8646 0
8000 666
7781 666
6977 666
1769 666
8971 666
9345 666
6224 0
7488 333
2442 666
4583 333
6839 0
4196 333
6080 666
446 666
2861 333
3514 0
6912 333
7982 333
7885 0
4887 666
3587 666
5860 666
8633 333
9739 666
1744 333
6633 333
7293 0
4700 333
2537 666
1607 666
4201 666
6858 333
1270 666
6311 0
8348 0
5244 333
435 666
7446 666
4337 333
1831 666
8984 0
3953 333
944 333
2228 666
7602 333
9358 0
8202 666
920 666
7930 333
9914 666
7103 666
8443 333
2236 666
3234 0
8384 333
8179 333
8865 666
5058 333
4653 666
8616 0
7933 666
7636 666
3141 0
2848 333
1225 333
1765 666
4748 666
850 666
9987 666
5962 666
8734 333
1650 333
4445 666
476 333
1380 333
1887 0
9232 666
884 666
1287 333
4453 666
9654 0
5861 666
3556 333
5918 333
4735 666
6401 666
70 666
4278 666
4312 0
9217 666
3299 333
9161 333
9124 333
5362 666
6636 333
5132 666
4791 333
6206 333
5139 333
4938 333
2827 333
2812 666
6708 666
3642 0
4481 333
1518 0
5262 333
6482 333
6030 333
8006 666
4249 666
2957 0
7421 333
4578 333
969 666
7191 666
9634 0
449 0
9608 666
9914 666
23 666
2887 666
3624 666
561 666
8997 666
7817 333
6184 333
8922 333
5909 333
2096 666
744 333
4528 333
6755 0
6094 666
2488 666
8563 666
1414 666
4433 666
5406 666
7433 333
3516 666
4799 666
9045 666
9362 333
1786 666
9562 0
3614 666
5355 666
7697 666
2638 666
2039 666
3729 333
620 666
4486 0
2822 333
3020 333
8318 666
1433 666
8112 666
1528 666
7573 333
1604 666
7248 333
3030 333
7026 666
8696 666
7242 333
7259 666
1896 666
6502 333
8153 0
619 666
8138 666
1681 666
3093 0
7332 333
1818 0
9603 333
9761 0
3684 333
8005 666
8267 0
2786 666
8404 333
2325 666
8262 333
3964 333
299 333
7465 666
2544 666
462 666
256 333
6374 333
8409 666
9490 333
8449 666
3700 666
5424 333
1590 666
9188 333
7074 333
7357 666
3691 0
5210 0
259 333
3150 333
7406 666
417 333
889 666
1847 666
7622 333
5097 333
6563 666
9050 333
1419 333
433 666
4379 666
7966 333
7563 666
9810 666
654 0
6379 666
2375 666
2811 333
9538 333
2010 666
8668 666
4103 333
1499 666
2613 666
614 333
3449 666
5258 666
3916 333
8881 333
5004 666
9630 666
8036 333
7225 0
3703 666
4965 333
7347 0
3801 333
4113 666
7400 333
3977 666
7910 333
2397 666
2952 333
3041 666
5652 666
5199 333
2667 666
8552 333
5976 0
197 333
4469 666
4530 333
2029 666
1833 333
2162 333
252 666
1367 0
2303 333
7087 333
7817 333
2571 666
2270 666
3371 333
2237 666
5156 333
7960 333
3398 333
9122 333
4239 0
1324 333
6175 666
2688 666
1395 666
7745 666
7567 333
7300 666
8355 333
1441 666
8080 333
9059 333
760 666
2116 666
789 333
24 666
5071 333
7719 666
9293 0
6600 666
2884 666
7201 333
3193 666
5344 333
3427 333
4082 666
6448 666
3972 0
6804 333
6298 333
2216 666
2716 0
7664 666
349 0
6277 333
1340 666
1434 666
8062 666
8 333
109 666
2958 0
2419 333
2997 666
8774 666
477 333
4869 333
4880 0
6286 666
6238 666
289 666
5718 666
5306 666
8689 333
7309 333
4368 333
9863 333
250 0
1156 333
4656 333
1516 0
8907 0
3309 333
9914 666
9249 333
1535 333
7305 333
7433 333
981 666
1768 666
2851 333
5741 666
66 333
5482 666
1018 0
9270 333
8438 666
2514 333
1757 0
6924 333
9154 0
4116 666
1235 333
3340 333
5028 333
1806 333
533 666
4231 666
6752 0
4799 666
9193 0
90 0
3452 666
9973 666
6727 0
5746 0
979 0
493 666
2763 333
6808 333
8409 666
6584 333
1803 666
7830 666
1188 666
4756 666
1711 333
1233 333
159 666
9781 0
5982 666
444 666
9319 333
7134 333
8624 0
5487 333
1553 333
2272 0
7045 333
4394 333
834 333
7115 333
2712 333
9129 666
1409 0
3413 666
1572 333
516 333
9356 0
7303 666
6214 333
2610 333
9554 666
9269 333
9577 333
3350 333
1586 0
8988 666
5648 666
4931 0
1401 333
5097 333
6043 666
4345 666
1629 666
5760 333
2614 666
1774 333
2416 333
7142 333
5309 333
2126 666
6308 0
3342 333
1388 666
2914 666
5312 666
3175 666
6800 666
9866 0
5580 666
6308 0
3032 0
195 666
5335 666
3673 666
3071 333
2307 666
4653 666
4840 0
8241 333
9845 333
1482 666
8074 333
3643 0
7458 666
6899 666
7195 333
3660 666
5446 333
4017 333
3001 333
603 666
521 333
9177 666
6049 333
8894 333
326 333
1120 333
1880 333
4458 333
72 666
3655 666
9369 666
3938 0
666 666
38 333
7869 666
1202 666
9049 333
2739 666
8994 666
9257 666
3122 333
566 333
4503 333
4084 333
5576 333
6214 333
2576 666
3237 666
3242 333
1242 666
973 666
6049 333
1163 0
2187 333
7055 666
4234 333
3461 333
1076 0
1457 0
1331 666
6331 666
5949 666
4319 666
6958 666
1980 666
2180 666
411 333
7178 666
6187 333
3340 333
2231 666
5399 333
6306 333
1158 333
8234 333
9172 0
997 333
7737 666
6667 333
7042 666
7741 333
9584 333
4232 333
6135 333
9293 0
2253 333
2745 666
5586 333
5615 666
6444 333
6278 333
3093 0
3555 666
1248 666
5907 333
1892 666
2554 0
7882 333
9094 333
3274 666
1009 666
7773 666
6002 333
5399 333
4563 0
2098 666
5568 0
2612 666
4568 333
6018 333
61 666
716 333
2218 666
9757 666
8012 333
2742 333
1473 333
390 333
1901 333
6634 333
1757 0
2763 333
8792 333
958 333
9659 666
5316 333
9243 333
7274 0
7362 333
6735 333
2218 666
8108 666
4394 333
2363 333
1497 666
7607 666
8411 666
5054 0
2135 0
7914 666
222 0
3796 333
3876 333
8052 666
7999 666
4821 0
2115 0
3670 0
5755 333
4151 333
6016 333
5410 666
1511 666
7582 666
7658 666
829 666
1354 333
3945 333
5751 666
9835 666
6543 0
170 333
2339 666
6417 666
2231 666
2120 333
1219 666
72 666
7949 666
3519 666
2285 666
8788 333
2019 666
6310 0
6950 666
1708 333
4313 0
9796 333
5920 666
3661 666
4344 666
2551 333
2120 333
5633 666
4633 0
707 333
8385 333
4950 333
2437 333
8522 333
1610 666
6463 666
6504 666
2326 666
2539 666
1330 666
9334 666
6924 333
3057 333
3138 333
9583 0
4301 333
966 333
2048 666
3693 666
8104 333
5543 666
6422 666
644 666
3785 666
5896 333
7927 666
8767 666
3504 666
8105 333
541 333
8989 666
6949 666
6459 666
6056 333
4584 666
4074 666
8707 666
8673 0
3521 666
3424 333
5176 333
9147 0
5859 666
206 666
6858 333
4526 0
5259 666
1521 333
8114 666
3014 0
684 666
2331 666
5529 333
4724 333
1588 666
4591 333
5611 0
8172 333
7536 333
3753 666
542 333
9236 666
1034 666
1364 0
2987 333
4024 666
638 666
9833 666
8080 333
9564 666
9847 333
5630 0
3152 666
6611 666
6215 333
126 333
3499 666
6925 333
4188 333
3106 666
5537 333
3406 666
4685 666
2565 0
7097 0
5148 333
4205 666
5836 333
8239 666
1122 333
6315 666
1299 0
5006 666
5517 666
8793 333
6996 666
2823 333
5020 333
402 0
2291 333
5866 333
3284 666
2312 333
1428 0
3669 0
684 666
489 0
3262 333
6459 666
8079 0
7074 333
9781 0
6297 333
1750 666
682 333
7103 666
1946 333
2945 333
7871 666
6582 666
1572 333
9546 666
589 333
338 0
8898 666
9218 666
7333 333
5125 666
5209 0
3154 666
8931 333
753 333
1752 333
6991 666
3427 333
4487 0
4487 0
826 333
8354 333
785 333
5891 333
3375 666
2848 333
6566 333
6599 333
6276 333
6496 666
5775 0
2985 333
3299 333
6632 333
3450 666
5531 333
5786 666
826 333
8689 333
6767 0
50 0
6751 666
8010 333
6906 666
4627 666
7319 666
5399 333
9917 666
5318 333
4988 333
3033 0
2687 666
3765 666
5489 666
7143 333
5197 333
930 333
7887 0
6769 333
170 333
321 666
4819 333
9248 333
6526 666
7033 666
4061 0
5235 333
2173 0
7777 333
143 333
7724 0
8134 0
3936 0
2643 0
4131 333
7833 333
4385 666
5995 333
7834 333
2482 333
7338 666
4180 666
5712 333
5930 0
775 666
2493 333
1244 333
96 0
