1000 804
1374458905 92
1157377721 132
1754405425 613
1906118337 749
1501037788 819
1591181138 961
2062993191 31
1628933950 622
1443391460 178
1583141955 378
1658510190 29
713642424 515
1961517674 224
1050889981 845
1579945575 583
1932792397 288
636530378 3
291147999 598
1126860691 718
1867007106 817
1455707163 137
1288666247 338
1205745755 500
512595938 374
19751622 830
1462812052 510
1720008400 267
629130254 193
1876769999 936
2084837631 508
1377062788 632
1914740028 242
627270207 116
266175715 761
1476536317 931
585134088 51
1024837684 715
411634200 942
448202882 604
824026770 964
1842722634 88
2063100513 710
1108948889 767
802993084 261
179974588 599
1072009972 606
365922885 662
41502667 133
1976099056 117
859493033 493
1861417075 823
1177668892 787
1963363544 921
1148312517 183
218641800 345
1150167942 177
977803634 353
1027246916 295
473584563 78
599971181 524
843910516 639
345668077 741
552562025 352
760290197 441
1473028065 473
1507218283 796
116414558 74
1782958424 103
1396592472 773
1804990371 980
1081892589 223
2140604687 39
541523721 87
1825858246 256
868352875 748
608342073 15
1171496570 63
709647595 28
727042431 494
1038947268 337
1711953428 70
1748169385 634
408946840 813
669254823 880
123420391 207
1496364529 866
861587028 989
1669501771 843
2014945283 382
1286260038 233
1784191216 909
1880816780 844
304526599 54
1938595043 728
300781835 173
1269112225 561
1817640030 700
1877192240 651
2012425304 703
613634243 393
861605165 751
1019068558 847
1166036818 371
273584275 798
1947530840 123
1490753936 176
260982867 675
687531354 913
358818730 32
2145742055 663
199481596 302
1212487815 619
394907004 56
586978601 190
436160723 953
739946863 888
1803808126 945
982127447 978
769163170 766
1420082611 11
2020366291 257
745809832 434
1329710941 802
1259519711 10
1386926614 687
1885394855 999
1391318428 411
1036338830 239
1409534292 363
1985430842 516
511859836 383
1590531354 124
415562908 191
542539544 981
910571386 77
1423209472 217
1535117985 870
263532371 13
843108680 615
1087724761 404
1984668478 903
1287710195 666
259397646 521
2134910555 142
1113751055 714
1285843590 322
1922349455 0
1741306734 915
1225858044 916
1684936441 633
1830266755 168
257448318 836
1174621863 140
1513044286 107
352052199 351
864671212 694
203590043 62
189627970 134
1112249645 323
2140040622 837
1935014160 38
155149287 506
215966329 58
1175427561 331
244671426 686
470594290 745
802625441 650
471232413 701
115331712 923
1275855238 414
1198166570 445
1962345689 553
415694824 438
1786133906 564
1892938861 786
2003459998 929
1465946530 100
176766636 20
724837152 285
1075833864 588
9312249 309
2064802029 468
1936885831 166
640645733 612
1538053709 549
307897954 556
1949900932 771
1509213598 821
1289638768 355
76145216 159
1179504360 325
1593671929 523
2084221299 965
113535474 582
615119118 401
1842540288 519
694013588 637
793432181 852
584149864 119
981991409 504
14691578 602
1428564023 873
1661568532 982
1897199291 906
174891797 876
669994225 287
2100408288 303
1890162830 933
188994550 646
1382921857 35
1042158631 164
1799283320 65
35549086 243
954618631 497
578135451 846
248596460 55
780090040 774
1175677103 629
1865706304 270
1103919296 890
1722146763 12
1071546479 23
219354288 16
1146203972 57
1416857248 262
1192581149 589
1395971645 213
874612633 625
179451106 698
1936907416 898
949783778 575
17980481 668
1095759408 540
1869950008 993
1930046234 163
1411132884 361
1748946132 328
228172072 324
1560374407 346
1126371400 373
634022151 527
179823420 554
333107962 208
1741234628 911
1045736128 301
257229396 96
434104711 320
263260397 743
1351215111 408
65509603 97
1737740861 681
1085930086 106
1111359215 483
1915090417 339
979966150 912
870205449 410
792931546 407
2006404969 755
373674018 136
897414795 605
615231219 896
1002503257 388
1515648528 186
167435183 444
1879517841 312
1852356332 34
2027167594 449
163169549 484
1263328574 64
1416916097 740
530589140 81
860067157 753
1687418278 944
2104870275 966
828951862 245
1062760843 276
1093903330 723
53960312 485
959325320 235
1593141835 731
1659990091 874
1317569380 857
2075555352 161
1349320751 138
2079108412 592
1328200272 672
1133344792 154
235245920 412
1375792908 350
336098512 431
1282110696 858
217465143 167
1107490151 118
1661396463 400
797872458 559
1792234624 725
696446175 428
1738215928 609
548296809 289
1253031053 735
1595162439 770
1441802152 525
319196287 429
702647493 885
2112433743 657
2125734400 699
270757339 850
234473489 89
1961807166 744
69940889 818
1638192541 799
1595046931 415
1980929291 630
569859200 777
1536261838 391
336663241 954
1384006738 576
441179793 656
834841442 216
1835477036 917
294142064 738
1016685673 398
1837764220 83
166535396 918
1583076094 950
71802490 68
512024273 5
2076133177 803
1944085271 661
1783705838 76
712610912 641
610808411 59
728343331 272
1876600933 988
1640939142 284
1855428912 79
2070814098 25
353478451 93
755944804 114
1625777842 747
2075881364 665
132482962 652
721874441 863
1073912040 342
1974904764 18
765454689 165
937321592 110
928064813 184
1286440292 182
631534561 759
695337588 369
1677654518 764
567076167 596
1102953403 417
2145196109 801
780732774 831
1767929187 296
1380495653 206
764947725 144
713645030 447
104640918 649
545756844 899
1495170598 983
312158594 111
1532241751 279
293961433 914
1730889919 616
2018508024 704
1654194827 112
1880314617 341
230676594 678
996925910 389
1149722824 317
625172807 458
2094432496 644
1241051619 763
1829269882 721
1714265742 824
2130413342 209
1812222690 790
1498244869 300
1053637589 825
1494989379 155
1992737813 381
1624925013 42
1843070181 760
1595890431 647
614176762 789
585397649 754
329965176 920
1531015475 797
1348530360 375
992268617 461
1961592166 273
70788978 535
1468744914 85
1459915878 306
923146333 75
330705973 567
990718602 655
1521083655 708
1867409099 73
2086542570 943
441740536 984
1934952956 480
677443563 502
1790797696 252
846368702 72
1909212399 394
941659720 333
1493019392 729
1047859427 358
1783574241 526
287762609 842
395367102 514
763795692 682
757391386 214
1023617085 41
1517327212 883
622680953 558
1382302238 951
1605059155 838
604243897 426
1785282843 230
2114388316 460
1347986857 705
993253444 455
2045073836 128
697008244 864
1972593532 286
993994885 467
554567792 711
83723019 147
1198236790 464
1780833365 419
1089199858 53
1931255431 990
1557206761 879
1955737556 329
1991849999 318
1772275533 737
1193904269 196
1466634623 219
165130594 125
296674570 536
1826485360 538
1863714291 226
1944266911 84
86977021 905
709208123 611
593674136 472
47828087 474
1621105873 505
1626975291 934
1754076219 768
2040236432 399
1306489452 496
1396677498 139
1447889056 709
674196930 453
176076337 436
444222692 297
1607939899 563
2005028189 689
1299118758 254
712536398 724
1486094946 670
246744412 949
519325215 851
166328658 901
1847499826 542
1134728579 446
1691113362 200
972118442 454
1126611768 594
535197742 792
988473538 490
1649670867 620
660345795 280
1678087676 539
1900821824 153
1637907029 61
1737484130 126
136806867 225
187669390 853
1972428943 962
729649217 517
836789924 250
1365169569 37
1352579246 638
1412454576 98
1168993972 884
213459363 834
1573734866 264
1292848604 995
101503826 572
19453490 820
869090947 113
1746174318 967
1606174557 758
1469710163 440
1531585091 459
5736576 274
1635262980 425
1684365682 424
1419972605 466
70279009 30
1741808218 246
1834047743 49
1012162756 894
1300739315 22
1925901006 275
627827569 938
1546394825 197
670260381 807
674641663 780
1453176520 533
813555636 816
286081935 344
1441455199 160
630808372 702
999283949 248
744917507 229
432025348 499
1478238783 827
1426878681 236
983784824 926
1370185566 385
1717616462 477
296540298 784
1874753071 135
1885966117 693
1555766113 733
545823 71
1784954328 794
640943669 722
523003189 423
827957753 482
1839306599 180
821455669 392
966746965 405
1448735746 645
953892513 131
294155980 221
1962785066 546
1618751227 869
119782914 101
1492045989 769
1500356690 878
1463665874 848
2032531168 948
1238174467 998
241767742 571
788334794 238
1204857649 430
119188091 795
1485210893 487
828851083 347
1137969266 970
187596897 840
1989784447 833
1543847019 240
1077963982 570
536175838 227
1045313616 829
2069721248 148
328714066 815
484215271 739
2043640470 156
1461800723 971
48633142 471
1617299691 595
1699600440 319
1487522053 418
737859494 199
524649311 584
1647874684 335
1026677246 788
523814323 642
1258827117 683
1228654071 597
1833433550 720
1864992070 635
64711342 671
727583413 315
947231580 396
1814609183 336
14349370 679
897022593 488
167323381 886
1674192211 893
1632263419 420
604207541 327
689201060 282
1431491472 736
1915442508 887
1184228635 179
650053598 379
1650329742 765
69358255 99
1907971154 522
578302254 614
2138792252 512
1577991533 457
2115287038 8
1807127296 365
906569045 897
2002790002 241
1150769385 608
533447738 456
363352262 859
1554843562 244
667103748 907
954842950 882
749359644 977
1066422853 130
1211936617 781
1990217612 814
788678581 601
1046086640 263
578324141 421
346591444 707
1818610905 628
1872351966 218
358815630 21
1936678741 762
33060089 91
1715298313 143
74584266 544
1971696304 6
2015911772 587
931065792 362
1798598256 865
667538661 268
1808108233 1
456778630 697
1113335897 260
976982182 627
1357796691 48
1292332183 518
1775939340 95
1239982196 308
90306462 356
1066303103 940
1675197187 450
976855266 201
693130359 195
1175946628 908
869649534 281
374025371 957
1045638281 120
1061989336 969
1695627677 269
1912662925 783
196898801 4
494595545 691
1372975255 220
524500805 82
388504005 872
1554088987 891
1406658159 228
419607462 432
1055244017 776
927443793 636
1729472076 996
1723282465 631
1003202860 448
1318630567 501
914723724 939
1937550697 17
2051099850 919
130667079 403
295378195 151
1574135889 930
1005964141 804
282332123 975
3899479 437
908893533 835
267830624 187
677232977 673
954276185 80
1305915374 185
652281285 734
899272961 292
910146508 266
1035192988 688
824199282 503
1625386916 871
1885318869 643
772237377 992
177240831 299
1780568344 465
230383164 985
589525708 578
1873294713 659
1987073315 152
1825995877 968
1578720305 640
1124566551 972
654067991 569
1908752325 86
844537142 210
684776232 172
204349662 204
640411021 557
104393479 376
1824790576 46
1498239788 603
1110116250 941
1451145752 104
1968092452 757
1923080952 935
692212792 150
2034442749 354
1092788528 579
1094013469 45
1217751037 577
1523969897 932
1721750425 959
1094325573 573
68995798 719
1856800008 793
1496426961 868
1408602856 203
1716189833 212
1892275883 713
294231201 181
6181681 2
318633668 716
543283977 40
1392424171 590
1514835003 259
700803785 332
737395395 198
1191718430 26
386883903 925
472644532 492
161449613 90
1150818947 809
925176481 169
1591862045 875
1100656008 377
1407253536 479
1515240013 530
886577996 478
225593638 775
774737191 43
1359228587 877
442338754 357
1031194150 33
521969912 304
2021887929 462
1501813790 192
632987027 258
1492776104 122
1456267308 562
713060226 680
1091868847 854
2027392861 979
1325763760 311
1096498443 52
1722501497 928
90726832 543
587297744 47
1420252937 800
1165486634 513
261090167 14
1648800400 551
929077824 832
418934476 810
522506861 427
1816896410 520
549353211 129
1371567385 654
12901556 742
231927041 545
1066595645 726
1114102171 955
1820917329 343
2113668033 626
310259070 491
529741175 171
1354032037 19
919270791 727
1989469520 157
1452375016 812
2059245854 94
2023705974 730
164622346 695
498459305 566
512751921 822
234657126 141
224590827 696
2079844078 384
1689098308 290
2073960452 251
1621122630 340
1399488933 534
1580547141 7
220866184 658
996117011 772
708196196 439
1892218003 397
2107204872 732
