9,13
205,187
20,48
5,0
192,169
15,36
175,190
9,0
42,36
358,451
51,0
12,0
200,172
103,95
13,0
109,115
129,136
123,97
20,19
2,21
123,115
10,0
106,85
90,68
16,0
51,57
18,39
87,54
190,164
8,7
12,17
17,19
9,7
10120,9223372036854775807
101,85
126,107
346,376
129,155
374,335
16,0
302,359
362,335
56,83
22,0
266,285
211,230
26,13
129,115
48,23
46,68
6,34
4,0
21,48
103,152
138,136
289,247
20,0
358,355
12,0
218,250
3089,2402
5,9
12,23
31,34
72,66
218,264
4,0
40,26
272,282
200,193
5,0
13,0
25,73
6,0
22,43
110,118
14,28
8,45
4,0
81,90
5228,9223372036854775807
7,17
2,0
144,133
68,36
3,15
312,300
55,71
52,71
2,0
4,36
2,34
8270,9223372036854775807
102,147
46,36
122,128
30,78
113,139
14,48
197,215
212,227
66,45
202,190
16,21
44,105
104,112
305,355
10393,9223372036854775807
2,0
48,57
5,21
13,11
31,34
6,0
32,30
86,87
128,110
54,90
356,351
23,41
2,11
20095,9223372036854775807
38,75
13,0
39,15
20,26
21,43
5,36
11,41
83,66
33,41
7810,9223372036854775807
3,26
64,39
212,150
4,30
11,61
212,234
209,221
12,0
6,4
392,347
156,184
7,0
57714,9223372036854775807
177,227
9,9
143,131
7,4
9,0
5,0
19,0
32,41
14,66
3,0
12,26
52296,9223372036854775807
50,61
2,32
18,26
39,26
84,139
10,2
203,211
18,0
2,30
7,0
57,73
55453,9223372036854775807
462,436
39,57
2,0
11,36
45,83
421,394
9040,9223372036854775807
4,54
8,0
93,68
4370,9223372036854775807
2,30
5,7
47,61
31,21
52238,9223372036854775807
12,11
70,59
15,36
15520,9223372036854775807
4,0
5,21
19,21
5,17
141,131
6,0
4,15
45126,9223372036854775807
16,0
18,15
2,36
84,64
36234,9223372036854775807
207,215
30,41
26,48
375,355
36,15
2,52
10,26
30,26
117,128
6,0
8,52
5,0
96,128
181,172
177,172
23,0
48,39
7,0
155,131
14,28
10,41
199,221
242,184
14,13
8,23
48,45
176,211
10,0
5,4
16,78
110,92
20,17
15,0
18,0
193,193
2,17
20,36
69,83
153,147
335,293
23,41
210,244
11,0
75,110
25189,9223372036854775807
103,120
242,227
133,112
5,7
2,52
4,28
465,446
303,339
50,36
11114,9223372036854775807
12,0
364,364
20,52
12,21
131,141
7,48
32,19
313,319
76,83
288,285
4,4
9,0
22182,9223372036854775807
8,9
69,75
9,23
463,499
22,0
32,0
16,34
40,66
227,215
17,36
174,172
352,364
13,0
2,21
28522,9223372036854775807
9,4
275,285
13,0
20,34
5,0
244,254
7,13
22224,9223372036854775807
4,28
89,30
6,41
50,26
10,11
93,61
98,95
2,0
2,11
8,0
31002,9223372036854775807
4,19
7,26
15,17
2,34
53,78
66,75
82,59
48,34
8,0
472,467
12101,9223372036854775807
16,28
36,23
23,59
107,100
69,39
26,34
4,32
364,376
24,28
490,446
117,90
13,13
83,97
10601,9223372036854775807
9,52
140,131
30,13
124,125
2,4
6,13
66,30
25,36
7,28
10,21
20,21
8822,9223372036854775807
2,36
2,2
202,221
3,23
4,7
52,92
11,0
2,28
175,164
45,48
21,2
38,59
24,28
24,50
2,11
5,0
29,30
165,199
237,169
9,0
41,2
29,0
17,30
11,2
107,107
7,50
70,43
8,0
6,4
10,2
112,107
228,240
8,19
15,48
50,28
2,21
115,152
28,11
5,0
2,0
2,19
8,0
7,13
127,144
6,0
464,472
65,45
12,43
41,59
14,50
6,28
16,9
4,0
285,285
461,436
46,68
20,75
2,26
4,9
39,39
97,102
9,0
13,0
28,0
22,13
2,19
270,254
131,144
37,45
9,0
11,0
20,4
2,17
20,43
45,45
2,0
11,48
22,4
180,190
4,0
57,95
144,208
151,172
39,0
240,285
32,36
8,0
2,0
20,13
327,282
48,0
10,34
14,30
104,118
25,64
212,164
15,0
124,118
390,456
6,0
354,355
35,68
132,95
18,23
62,92
8,0
4,2
16,0
2,0
134,115
105,52
34,26
10,4
35,23
67,73
32,4
4,0
4,13
20,21
195,190
2,0
413,399
4,0
12,23
20,48
20,7
8,0
8,19
4,0
82,54
147,78
2,2
24,28
145,118
101,48
12,0
4,0
13,17
31,48
8,4
9,11
13,19
8,41
100,78
176,234
27,50
174,211
4,15
6,7
59,41
14,19
123,97
9,57
17,41
96,110
11,0
21,0
12,30
22,0
488,483
55,45
3,0
14,0
193,184
67,52
10,0
26,17
148,102
23,11
126,102
24,11
407,462
4,0
73,57
20,57
268,261
42,0
111,144
19,48
8,0
30,41
22,4
70,102
2,30
20,39
18,15
22,36
54,0
390,477
2,11
9,0
2,0
8,0
4,0
18,2
73,83
6,39
20,19
2,0
6,85
130,102
9,19
2,4
19,0
12,0
337,323
13,0
78,118
14,41
37,34
2,0
4,4
36,45
82,78
10,23
56,59
6,0
17,19
13,0
15,9
13,0
5,0
20,57
92,115
4,0
16,17
169,196
36,15
14,0
4,17
7,28
55,78
14,13
3,0
154,139
10,32
232,224
6,23
157,144
79,120
6,19
2,0
2,0
223,230
3,13
20,7
21,34
5,23
332,308
8,36
14,15
15,52
164,205
54,68
303,261
12,4
17,28
283,285
20,15
2,13
7,17
20,0
4,26
81,90
4,11
144,158
6,0
4,30
4,36
115,144
22,30
30,68
21,21
197,196
3,30
16,90
37,71
8,19
122,85
2,15
5,21
172,181
108,112
24,34
3,57
419,372
10,19
256,275
2,2
45,41
4,17
2,0
4,11
112,85
4,19
14,39
256,289
87,125
10,23
5,0
4,2
110,175
255,275
116,100
432,436
33,23
4,52
2,0
20,0
45,83
22,2
4,0
8,0
27,52
10,13
177,202
15,0
34,28
376,355
6,0
20,28
8,39
23,26
179,158
25,32
215,221
9,23
68,85
12,0
27,4
12,0
4,7
30,28
49,50
11,7
4,0
20,30
48,36
8,23
23,9
23,71
6,43
43,61
4,0
261,282
45,28
227,224
28,43
15,11
2,0
120,141
39,66
6,13
2,0
150,167
29,0
6,64
107,97
8,15
17,50
25,26
2,15
4,0
16,41
257,199
21,17
11,9
175,178
108,71
286,300
2,9
2,0
14,9
2,17
12,0
20,0
108,83
24,28
4,0
12,0
32,43
151,141
61,43
19,13
23,7
42,26
2,17
348,381
2,0
17,0
105,141
17,68
197,254
7,0
18,19
66,59
45,52
9,7
19,48
4,23
90,102
22,17
16,0
4,32
12,41
11,11
11,0
23,0
2,0
218,199
5,0
11,34
25,23
5,34
13,11
160,169
20,0
111,118
20,50
16,19
6,15
5,50
4,7
9,0
2,50
12,0
18,54
8,28
20,34
24,23
4,4
2,0
445,376
33,34
17,19
8,50
7,0
204,227
20,26
116,85
262,319
323,364
27,39
5,26
4,0
39,21
17,0
2,21
9,0
10,21
132,120
128,139
2,23
9,11
238,240
6,0
8,7
129,125
222,230
12,17
8,54
5,0
21,11
123,115
10,0
128,102
228,211
27,43
7,4
8,4
7,15
4,19
113,83
2,0
61,90
17,0
2,9
8,0
8,0
4,0
14,15
134,118
16,66
41,61
6,30
6,39
139,128
10,52
6,0
7,0
33,0
2,19
70,30
253,271
9,28
224,172
4,0
108,107
148,100
441,456
6,0
67,68
104,115
253,296
3,0
57,21
9,0
10,0
14,0
70,68
371,390
27,13
24,19
13,15
10,39
5,0
42,9
14,0
2,11
33,0
12,15
10,0
6,0
20,32
2,11
48,71
11,17
32,0
5,0
8,0
14,23
88,95
26,26
7,0
3,13
22,0
292,319
33,43
2,0
310,293
4,9
17,0
16,2
27,39
177,234
36,73
129,92
14,17
54,45
13,21
15,9
63,54
2,0
4,23
3,0
69,139
27,32
2,0
452,441
12,4
6,15
20,0
319,308
10,23
4,0
9,0
237,190
2,0
219,311
6,0
314,268
32,23
6,13
9,52
45,57
27,32
8,36
283,237
12,9
165,181
352,372
138,120
44,75
20,50
2,23
2,0
11,43
133,102
12,0
26,2
15,17
294,359
61,48
16,19
3,21
57,52
18,57
205,178
4,0
2,34
202,167
18,0
15,13
8,0
24,0
14,11
8,41
402,427
15,9
14,30
126,115
75,85
14,17
20,45
14,36
13,57
71,80
2,0
16,7
4,32
18,0
37,52
5,0
11,43
18,2
16,28
17,0
20,0
20,26
2,0
5,0
67,57
35,26
11,0
27,21
5,7
2,45
16,34
7,19
78,95
6,39
9,9
17,30
78,66
81,73
20,59
37,23
14,41
10,0
292,351
17,0
16,11
40,52
8,0
10,0
45,17
24,30
41,19
15,15
11,0
4,39
4,15
2,7
8,23
4,13
7,0
12,0
38,78
13,0
11,7
6,2
8,7
13,0
186,190
12,28
2,0
234,221
27,26
6,0
4,0
10,17
88,97
11,0
118,105
36,0
28,39
80,78
6,26
4,30
4,0
21,19
23,48
10,2
4,0
457,467
17,7
259,237
24,9
3,0
358,381
8,34
4,28
13,4
5,19
43,54
20,50
26,21
20,61
2,15
4,39
8,50
499,516
18,68
7,0
10,11
34,11
20,80
27,34
13,4
3,0
114,152
29,45
2,17
2,4
7,19
60,66
189,181
16,23
13,28
70,54
336,331
2,0
238,224
36,0
8,0
2,71
13,11
50,73
9,2
10,0
135,139
5,0
110,115
6,0
20,7
20,52
126,107
9,17
365,390
5,0
31,32
400,351
259,224
146,133
4,9
180,208
59,54
283,271
35,43
4,39
39,36
135,136
10,0
16,13
12,9
96,161
4,2
6,26
29,45
10,17
9,19
2,0
15,41
10,11
30,34
122,147
19,34
20,30
6,0
3,28
2,21
6,36
5,39
20,39
16,7
7,23
98,85
4,0
58,68
16,19
110,105
370,408
19,57
14,0
21,57
192,250
19,13
8,19
4,39
356,335
9,0
163,120
2,26
3,0
354,343
8,26
7,30
52,39
275,289
7,0
7,0
13,30
31,32
32,9
16,21
121,105
21,11
290,304
136,161
7,30
26,26
8,0
59,50
123,147
4,43
6,15
27,43
10,4
16,30
9,0
8,13
25,43
10,39
117,152
417,510
16,52
12,0
3,0
2,15
164,215
68,83
100,112
2,48
316,347
6,17
12,0
23,59
9,2
119,112
8,9
38,83
5,17
13,48
10,0
8,13
140,131
3,4
12,23
16,21
13,0
60,50
14,4
4,7
5,23
45,39
2,4
14,2
3,0
49,73
4,9
306,385
142,178
20,30
5,43
106,75
8,21
21,28
15,15
10,0
3,23
21,39
22,11
7,0
20,54
24,21
351,381
141,112
4,13
297,285
6,0
450,436
14,64
9,0
2,23
132,110
10,15
2,2
37,9
3,9
350,408
299,331
2,23
12,64
41,59
116,152
24,57
106,120
14,11
7,28
4,0
2,36
422,413
10,39
83,78
2,2
164,100
2,28
16,21
2,28
4,32
16,21
4,0
2,0
41,41
24,57
4,0
6,30
6,0
212,208
9,34
66,48
9,0
5,11
422,347
27,2
9,4
44,68
110,100
24,7
174,128
6,0
20,0
6,0
438,571
60,68
3,4
2,13
387,390
111,131
28,26
4,0
89,75
8,17
5,9
282,268
9,0
77,92
9,17
9,2
7,0
7,32
12,13
104,136
126,141
37,45
12,11
3,0
9,0
13,19
11,9
3,0
177,169
4,41
4,2
13,0
15,4
162,184
4,0
36,30
36,45
254,293
348,323
3,0
19,21
39,34
320,315
228,208
85,115
57,41
10,13
16,0
12,19
3,4
402,427
8,26
8,0
20,0
13,19
301,315
219,234
199,178
283,319
4,4
27,21
17,23
67,83
6,21
2,0
7,15
10,41
123,105
18,0
8,0
147,95
4,0
9,21
2,0
66,71
10,32
48,4
5,0
8,9
11,7
116,85
26,36
5,54
3,39
6,34
4,39
2,4
7,0
96,85
466,462
12,0
5,41
16,2
43,59
164,205
13,34
2,0
64,71
24,43
22,0
5,43
376,359
438,403
18,4
20,21
5,54
213,244
363,417
41,39
7,0
20,2
207,261
5,21
20,34
20,34
2,0
13,4
2,4
53,59
7,80
10,7
198,158
77,83
19,34
29,13
316,289
205,254
14,0
5,39
20,9
7,34
7,9
51,43
9,0
92,123
107,128
114,87
300,300
10,0
6,0
4,0
44,45
5,0
6,0
7,15
2,0
14,45
66,45
4,0
4,50
116,144
3,21
145,112
227,234
11,11
12,26
174,178
4,26
128,80
28,0
22,4
77,87
2,26
20,52
127,102
12,32
286,300
157,181
11,0
10,26
121,139
9,0
5,28
5,0
15,26
116,112
7,0
463,546
407,441
7,17
33,45
3,21
14,0
4,7
28,9
2,0
11,0
9,0
2,0
2,21
8,0
88,59
10,57
132,128
139,190
9,17
16,19
28,30
20,50
29,39
4,0
16,39
10,11
145,181
13,21
5,0
20,28
94,102
370,335
24,52
194,224
298,315
50,110
21,92
8,4
39,61
16,36
14,28
22,43
2,0
6,0
310,282
6,21
2,0
343,319
104,123
2,28
6,0
42,11
2,0
18,32
23,36
2,32
10,17
11,34
5,0
7,0
7,19
93,102
265,282
28,39
18,2
6,0
7,0
266,271
8,21
2,0
43,50
22,11
124,118
4,17
4,0
27,30
13,9
4,2
250,289
7,0
6,17
2,0
217,250
2,0
20,30
78,43
494,552
136,133
12,23
44,28
48,61
20,28
14,32
32,45
39,43
269,319
3,17
203,193
11,32
16,0
2,11
211,202
318,331
9,0
3,0
2,0
4,0
3,4
4,0
9,41
20,28
6,17
278,244
6,0
149,169
25,48
10,48
147,125
8,0
47,64
16,0
27,32
20,43
15,4
10,11
4,2
2,7
129,155
5,7
7,11
9,30
8,0
4,0
4,0
72,87
7,0
5,59
80,75
25,28
93,110
6,15
4,57
238,268
5,17
17,0
2,0
11,0
5,0
35,39
5,0
70,75
2,21
4,48
11,21
44,85
497,590
2,17
9,0
2,0
2,7
159,150
2,26
408,427
248,304
4,0
87,64
14,30
16,23
7,0
8,11
2,0
9,0
418,441
12,0
5,19
180,221
15,0
4,34
20,0
9,0
2,0
24,28
5,0
5,7
20,45
3,7
13,0
11,52
43,21
10,0
122,136
2,0
2,48
43,83
7,0
12,28
3,0
116,61
6,0
19,57
6,11
8,0
5,0
4,7
15,43
26,13
21,0
9,0
10,0
10,4
27,17
12,19
118,139
4,19
2,9
10,11
9,19
24,50
2,17
20,54
170,167
2,0
26,45
7,23
128,118
179,161
2,0
119,110
20,0
20,0
10,26
15,0
20,26
13,17
172,152
2,17
8,36
4,0
11,17
5,0
369,417
12,28
14,26
20,36
8,15
4,0
372,347
4,0
18,17
45,50
2,0
6,11
28,36
4,30
4,0
11,0
5,17
17,23
11,2
16,0
12,9
7,7
4,34
204,215
22,61
8,19
6,30
5,21
50,39
10,21
3,66
8,0
8,0
8,17
16,15
11,30
110,123
18,11
12,4
66,54
104,87
16,34
131,131
4,28
94,83
2,0
5,26
261,304
10,0
14,32
224,261
3,0
5,17
7,26
13,32
4,0
4,0
48,41
9,9
14,0
16,41
8,9
183,144
4,0
4,0
26,66
163,120
27,15
3,0
33,75
7,0
20,0
3,7
5,13
5,0
5,0
9,0
2,17
10,39
168,164
441,432
6,0
251,264
292,285
5,0
6,39
2,11
20,17
5,50
291,244
167,107
20,7
475,456
7,26
13,0
8,0
3,0
123,150
12,17
4,0
10,0
13,30
134,102
4,0
3,0
17,34
4,0
38,57
17,0
2,2
140,110
2,0
18,0
4,0
6,11
2,32
4,0
10,0
450,376
21,32
4,7
15,30
5,0
11,0
189,264
4,2
9,0
215,215
20,48
2,21
54,50
72,87
84,75
6,13
270,300
24,13
6,0
20,26
7,0
10,48
62,59
2,2
6,2
171,227
2,0
309,275
20,11
9,39
4,0
108,71
2,21
4,0
12,0
20,4
4,2
4,0
4,2
4,26
8,0
2,30
4,0
196,190
12,0
9,26
16,28
35,28
4,21
9,17
20,2
9,17
3,0
4,23
10,41
8,26
144,181
5,0
19,21
124,110
9,4
20,45
10,0
4,15
2,19
356,368
5,0
8,0
39,57
6,0
11,32
117,123
90,100
13,52
19,21
2,28
16,11
18,11
2,0
22,50
100,172
9,36
99,112
359,359
4,0
20,15
8,26
12,0
3,0
6,9
15,0
13,11
56,64
2,0
57,54
7,11
2,0
3,0
352,335
2,0
48,32
2,26
2,45
34,52
97,131
2,4
35,57
6,39
4,0
4,11
6,28
125,136
110,100
10,17
53,52
2,0
12,4
326,285
171,161
206,208
8,28
2,21
219,184
7,0
10,0
329,285
20,61
2,0
5,0
18,50
223,261
6,0
4,2
4,0
4,0
4,0
13,13
5,0
123,100
12,13
189,139
9,28
6,0
8,21
20,23
2,0
4,0
6,0
214,234
7,45
170,175
8,52
6,36
8,59
140,158
10,4
2,0
126,139
10,0
11,50
194,211
2,30
140,141
385,446
10,11
8,0
9,4
142,147
246,264
10,11
20,9
10,45
338,381
241,278
172,208
14,7
12,11
20,0
282,343
7,0
7,11
215,193
104,120
8,0
8,0
266,278
3,4
2,7
2,0
110,133
12,7
30,66
6,23
110,144
3,26
2,0
8,13
9,48
2,0
4,0
4,26
2,0
363,359
20,28
260,244
438,436
20,34
2,4
334,319
82,39
23,30
181,193
6,4
20,0
4,0
2,28
216,208
2,0
126,128
9,0
5,2
21,30
26,0
10,7
2,15
86,107
30,64
20,4
18,0
460,499
9,57
2,28
4,52
108,75
2,0
8,54
42,9
7,30
10,0
27,26
32,52
4,0
56,95
80,80
10,15
12,11
27,2
8,0
49,36
9,0
6,0
9,2
122,64
7,23
280,271
6,0
17,0
2,39
263,250
16,0
293,359
80,50
148,178
4,2
6,17
14,17
17,26
6,2
14,43
16,21
10,15
7,0
104,68
4,0
9,68
7,45
12,4
4,15
32,0
5,0
63,100
4,36
14,7
320,275
15,21
4,0
16,4
2,9
468,462
4,9
2,9
136,155
41,13
41,83
14,36
490,451
124,118
7,32
43,43
8,9
50,45
14,0
17,17
55,90
212,218
9,23
5,0
2,43
10,0
20,26
139,133
12,85
15,0
4,15
58,48
20,41
6,4
2,0
4,7
12,34
11,0
160,141
3,43
12,36
12,17
27,75
124,73
2,0
3,0
2,4
2,0
109,158
2,13
4,28
12,30
6,34
4,0
2,45
196,202
16,4
2,28
17,19
9,0
3,2
21,28
3,0
146,152
2,15
302,308
17,48
367,408
14,11
2,0
7,0
6,0
384,372
8,0
6,2
92,112
6,0
37,21
33,9
2,0
200,205
4,0
204,167
2,0
15,0
8,7
20,9
4,0
23,4
316,311
15,59
6,0
8,0
62,80
4,32
105,133
24,48
4,9
10,0
6,0
16,30
20,45
9,0
6,19
179,136
4,2
4,15
3,19
116,80
9,0
339,456
40,50
2,19
214,184
24,54
7,0
72,78
224,205
149,161
112,120
12,13
2,15
94,73
38,15
18,19
8,0
6,9
2,15
5,9
469,432
4,0
2,0
8,19
7,0
366,364
20,32
47,57
297,247
4,0
130,147
6,0
3,7
18,19
21,4
84,78
2,0
12,4
18,80
8,30
20,43
229,224
376,359
495,494
117,100
137,141
6,0
4,2
348,308
42,0
73,83
24,0
93,107
166,175
16,21
8,0
4,17
3,41
58,73
12,64
7,7
8,28
4,9
416,394
10,0
275,268
493,505
7,0
28,34
4,17
25,4
402,432
6,23
7,34
4,26
15,0
424,427
240,247
2,50
66,2
484,505
238,218
6,0
16,0
6,15
123,105
4,0
24,52
7,0
2,0
102,133
4,15
140,112
2,13
2,15
24,41
105,128
2,0
6,0
7,0
9,0
12,30
2,0
8,0
216,184
42,87
42,19
4,0
49,80
2,2
401,355
2,0
95,68
8,0
10,15
6,0
20,0
8,39
50,45
18,54
11,9
4,0
4,0
2,9
12,30
4,36
34,57
6,0
2,23
4,0
2,9
82,85
210,187
6,2
10,0
2,4
13,0
56,4
2,7
394,436
351,385
74,141
136,123
10,0
2,0
2,0
46,87
6,11
6,0
74,107
4,0
2,19
9,0
32,75
44,54
3,32
6,13
28,43
2,11
6,34
4,2
4,19
177,211
4,0
8,59
124,110
69,78
15,45
2,0
4,43
8,0
5,0
10,21
2,0
35,64
23,52
8,9
6,11
7,0
228,211
3,0
10,0
155,133
4,11
9,21
6,0
15,15
8,0
44,52
11,0
9,17
130,105
148,202
7,0
2,0
20,30
4,0
3,0
218,230
46,52
107,125
8,15
6,0
186,175
21,0
2,0
2,15
3,15
154,205
193,190
2,0
5,57
340,394
344,335
2,0
16,34
88,75
176,178
2,0
126,110
55,150
8,66
286,296
204,224
22,28
101,131
5,15
7,2
10,19
216,196
7,19
15,28
20,17
400,372
15,23
128,133
10,0
189,161
23,48
2,0
6,2
2,0
8,32
3,0
100,78
389,394
2,0
5,0
364,385
4,0
18,36
20,0
14,0
5,19
2,36
20,2
42,43
2,0
103,85
20,32
262,278
8,26
2,19
4,0
7,0
9,0
10,9
7,64
7,19
4,17
8,0
5,0
4,21
2,23
8,19
48,43
3,0
24,34
20,26
2,23
6,61
4,0
8,52
107,120
10,7
52,66
2,0
10,11
271,278
125,136
13,36
28,59
73,54
14,0
20,0
12,34
15,0
8,19
170,184
6,59
9,19
9,4
127,110
106,107
6,28
116,123
190,221
4,0
8,0
374,399
2,30
2,2
4,7
18,48
15,23
5,23
10,0
9,0
36,30
14,2
54,41
2,32
2,28
19,28
9,41
2,0
55,61
5,4
20,0
10,13
132,196
7,32
468,510
180,123
4,9
32,0
4,13
20,28
24,71
2,0
5,7
66,95
2,19
10,36
215,230
2,11
4,0
20,4
12,0
25,0
2,0
42,26
5,7
12,4
50,78
3,2
2,0
27,32
3,7
2,0
2,19
36,52
2,0
4,0
5,0
4,7
8,28
12,48
9,0
6,2
146,105
484,522
6,28
2,0
292,319
4,28
2,0
3,54
3,0
11,13
54,21
60,90
20,54
2,0
11,0
12,0
34,64
153,144
60,120
12,0
4,7
20,43
4,0
102,115
4,2
237,250
4,0
9,45
140,161
36,9
2,2
10,2
20,57
20,30
184,164
2,0
106,105
47,30
2,13
3,26
124,141
2,2
6,26
136,128
484,528
90,141
8,17
8,0
4,36
4,21
153,120
284,254
277,308
112,131
10,17
46,50
11,0
36,28
7,23
106,125
2,52
355,285
9,17
420,451
9,21
176,133
48,73
10,15
7,0
25,43
22,13
128,136
12,13
197,196
4,43
3,73
4,2
4,21
7,0
8,39
36,30
9,0
3,0
6,0
20,48
2,0
6,45
2,0
8,0
121,123
2,4
13,9
8,43
9,21
13,4
5,0
389,436
27,0
4,0
6,0
20,21
491,477
2,0
4,13
2,0
8,0
183,227
13,59
14,0
2,13
4,0
176,158
16,57
218,227
4,0
3,0
112,128
8,15
6,2
116,73
138,158
5,32
5,17
16,43
4,0
20,43
2,0
20,0
20,28
31,23
10,0
21,34
6,17
104,100
3,19
2,21
4,0
2,43
8,26
12,0
4,0
499,451
20,17
106,150
257,224
2,11
51,61
21,15
4,0
5,0
21,7
2,0
148,167
5,19
61,43
8,17
56,87
2,0
358,355
3,26
12,21
8,15
16,11
105,112
2,17
132,115
9,2
5,19
8,17
10,15
2,4
6,11
13,34
8,2
2,11
4,0
2,0
6,0
264,268
64,68
5,54
20,19
12,66
6,0
2,0
4,13
134,118
8,41
21,2
3,0
17,21
20,59
20,17
9,41
5,23
377,432
2,0
3,0
10,54
80,95
121,128
24,23
4,41
247,278
6,15
2,0
396,394
8,11
328,359
45,26
10,41
4,13
2,0
41,34
328,311
323,300
12,32
30,45
151,196
6,13
69,30
232,230
20,0
2,0
4,41
22,32
306,278
2,0
4,17
18,7
183,172
20,0
95,120
20,0
113,95
20,54
8,15
2,43
453,494
6,0
67,43
20,41
5,0
3,7
3,0
8,0
2,4
7,45
230,282
14,19
155,193
20,36
26,57
42,30
42,73
2,0
200,319
4,0
3,0
4,32
9,19
225,230
7,11
224,202
2,0
3,0
198,175
2,19
140,144
10,0
20,7
275,300
6,7
148,75
2,13
8,48
2,2
2,0
10,0
30,0
166,208
132,66
150,95
4,0
3,0
7,23
346,319
109,120
341,368
211,193
207,244
4,0
3,0
5,32
493,505
4,13
212,221
20,45
9,23
8,41
20,0
12,0
27,7
32,90
2,0
4,17
5,15
20,54
100,141
156,178
16,45
5,0
4,0
16,52
28,23
20,7
3,0
130,123
70,61
7,0
5,2
3,28
4,0
148,128
6,43
96,50
8,0
18,21
10,11
10,4
20,11
3,0
4,19
2,0
3,0
17,21
2,15
6,4
4,9
4,4
4,9
12,30
7,0
280,275
9,0
32,34
184,208
5,45
6,28
110,100
11,11
6,15
4,23
15,43
2,0
3,13
13,17
5,13
7,34
352,351
36,78
113,169
2,0
11,45
2,64
16,30
284,335
8,11
11,19
4,13
4,15
52,21
18,7
198,215
102,147
3,19
41,17
60,57
20,19
13,23
7,15
5,28
2,4
368,422
10,41
120,141
10,34
4,0
2,0
161,178
3,7
4,26
128,107
4,0
6,0
6,7
8,34
416,456
223,254
9,9
8,32
3,21
86,32
2,11
8,11
18,17
253,218
10,0
9,0
10,11
14,0
50,66
10,17
7,21
7,0
13,21
20,4
46,30
12,17
18,48
5,0
20,9
120,150
54,105
26,0
20,0
24,32
6,15
20,15
7,0
20,30
12,28
2,0
10,15
238,293
14,34
139,139
7,32
8,0
4,0
80,61
2,21
130,105
5,0
2,17
67,120
23,19
8,0
4,2
4,34
4,4
294,315
10,0
15,15
114,102
2,0
145,164
484,483
96,120
2,0
240,254
113,50
12,0
7,28
20,0
2,0
4,30
16,19
334,343
4,0
10,26
242,254
11,11
10,23
6,19
16,7
5,11
3,0
8,0
2,0
2,0
4,19
216,218
4,11
6,19
4,0
4,19
28,39
7,23
108,167
6,0
13,0
332,368
20,48
6,54
8,9
18,39
8,0
2,0
3,0
2,0
5,21
168,208
4,39
4,0
4,0
9,0
7,34
211,211
7,34
58,87
5,15
54,90
20,66
6,43
56,115
17,30
2,0
6,17
26,36
207,218
16,34
4,28
2,0
2,48
12,7
2,43
2,17
14,19
12,21
4,7
5,0
20,2
12,0
275,257
2,0
5,0
4,7
187,215
4,17
2,32
6,0
4,0
2,0
4,2
2,0
7,4
145,90
14,26
2,17
8,2
2,0
300,282
2,0
4,28
9,52
126,131
266,271
16,23
4,39
4,9
135,147
20,39
490,510
8,0
3,0
119,112
14,15
12,52
6,39
2,7
12,34
102,83
5,30
4,0
2,0
68,57
6,0
20,57
2,15
105,73
16,30
5,26
4,23
9,0
192,178
4,66
2,28
113,110
12,0
72,66
472,483
132,178
2,57
8,0
12,34
8,0
4,45
16,0
8,19
3,0
6,34
7,0
8,26
8,17
39,64
2,0
92,78
3,0
9,2
368,413
2,0
2,0
2,0
114,61
12,19
234,250
20,28
20,19
8,23
114,120
4,21
3,0
4,0
7,52
2,0
2,17
4,19
4,0
15,34
2,0
106,110
2,0
5,0
191,164
5,34
239,181
276,257
2,17
9,0
295,319
12,26
92,39
6,0
3,0
2,36
4,23
462,522
17,17
2,21
2,23
130,164
8,0
9,0
13,0
408,456
14,7
52,85
9,15
74,75
23,45
8,9
166,136
2,15
82,90
327,335
10,11
4,11
6,34
20,26
13,19
2,0
9,26
132,167
20,13
110,141
2,0
11,0
6,0
4,34
4,26
33,7
14,0
37,61
2,7
3,30
462,590
5,9
102,73
2,11
8,36
3,0
2,11
34,43
8,7
12,19
10,4
136,155
254,250
19,0
12,9
15,34
8,9
116,118
2,15
124,147
5,26
8,0
217,240
3,0
102,147
20,13
2,28
222,205
4,2
344,351
3,0
28,32
4,7
180,193
246,308
6,0
6,0
20,15
2,0
12,0
236,261
5,0
32,39
6,30
2,4
2,54
6,17
5,0
10,13
2,0
8,11
30,75
31,15
63,83
4,26
2,0
2,0
4,26
8,15
141,184
2,17
183,196
2,0
188,208
66,68
230,215
98,131
2,52
9,32
174,147
156,184
5,23
192,202
3,34
6,0
4,7
15,0
2,0
149,125
3,0
3,9
17,23
6,26
184,175
4,0
91,95
5,23
2,0
2,0
2,9
252,247
5,59
17,26
4,43
5,32
2,0
20,32
4,54
122,87
4,0
2,0
288,250
2,0
62,85
18,45
20,45
65,75
2,4
2,23
2,21
14,34
15,36
2,32
3,0
4,0
4,4
128,97
16,54
89,39
20,4
54,57
8,34
4,9
2,0
10,4
92,87
6,0
3,26
2,0
4,0
5,0
8,32
2,0
20,13
20,2
9,0
260,285
224,247
4,0
5,0
2,0
2,26
6,0
330,347
10,43
2,52
316,282
16,45
210,175
10,0
2,0
14,0
4,0
5,43
6,39
120,193
2,15
472,417
10,0
5,48
2,0
6,0
163,161
2,39
28,32
9,17
168,193
13,0
2,0
2,9
2,21
32,71
214,181
16,26
4,13
373,368
22,41
6,13
4,9
6,30
9,26
20,34
20,48
2,0
4,48
25,0
432,467
9,0
8,23
9,2
6,23
9,15
76,43
2,0
2,0
335,327
74,54
14,15
10,0
10,21
3,39
8,0
39,15
6,21
118,95
3,0
140,158
174,158
3,0
4,13
4,0
158,136
6,0
20,23
4,11
64,87
20,15
106,80
7,0
18,61
176,144
8,0
8,0
4,0
2,0
158,150
20,0
2,30
328,296
2,61
2,0
124,120
5,28
20,41
18,48
2,0
10,0
64,73
2,0
2,7
3,43
9,0
24,43
2,0
38,54
134,161
4,9
4,13
429,462
204,215
6,0
6,0
8,26
6,0
12,41
484,505
3,21
4,11
2,26
4,7
9,68
74,11
6,0
2,0
370,364
10,30
2,19
100,110
6,36
4,0
261,285
7,0
2,32
7,0
8,17
182,211
7,0
106,123
133,97
20,15
6,2
6,0
32,54
2,21
226,244
19,0
434,441
2,0
14,13
128,144
6,0
8,0
10,34
245,244
10,45
110,147
166,202
20,0
372,300
4,21
180,193
5,13
20,59
4,0
12,0
3,0
8,13
2,21
2,17
322,335
2,0
2,0
4,15
11,30
8,15
11,0
8,0
7,19
20,57
6,0
4,23
14,7
280,227
38,34
8,4
154,144
2,0
28,23
9,7
6,2
4,45
4,0
8,34
6,9
2,39
7,50
12,23
24,34
8,13
8,7
2,0
40,26
136,141
2,0
16,4
52,66
12,0
3,34
156,181
7,11
68,105
3,36
4,19
4,0
8,32
26,50
2,13
42,39
2,0
2,0
6,0
2,11
12,15
2,30
3,0
20,59
6,0
4,21
90,112
5,50
129,125
20,7
6,0
6,39
12,39
7,2
64,71
12,7
10,50
2,36
6,0
128,95
2,0
218,184
344,364
79,83
108,100
52,45
9,17
2,39
20,0
9,17
23,0
172,115
2,0
2,52
4,0
2,45
12,0
2,0
2,13
5,0
2,7
347,381
8,2
20,13
2,13
6,17
2,0
153,105
187,215
2,0
4,0
4,41
7,0
4,21
6,15
4,0
16,0
4,61
20,57
42,23
8,2
96,92
4,17
20,7
8,0
4,0
3,0
7,0
10,0
3,30
30,0
5,0
6,0
4,9
2,0
32,43
16,0
2,0
20,61
2,0
2,0
16,17
7,9
2,0
330,351
114,128
3,32
74,92
55,92
7,13
2,36
10,0
4,0
9,13
13,36
7,0
369,436
5,0
3,0
2,66
170,215
2,7
6,9
2,0
2,0
2,26
116,161
55,26
113,102
4,0
55,73
6,19
2,0
16,36
6,7
4,0
93,43
34,23
154,184
2,54
49,4
5,9
6,23
6,26
4,0
2,0
384,381
8,36
174,175
4,4
10,9
12,7
20,11
322,385
4,19
5,0
8,4
8,0
78,59
2,0
82,78
22,43
11,13
130,139
2,30
22,39
12,43
8,17
15,0
4,0
196,190
7,0
20,39
20,80
4,41
4,0
8,30
8,30
8,0
42,45
6,0
107,68
2,19
6,13
160,175
4,0
13,41
20,0
22,0
9,13
6,0
5,57
4,0
28,97
2,17
21,75
4,30
2,19
322,335
2,15
5,0
20,28
2,0
47,7
20,43
2,48
2,34
258,230
4,59
118,110
2,15
3,32
7,0
20,41
2,0
16,54
4,0
6,32
2,57
3,7
114,102
222,278
220,181
116,167
10,23
4,30
2,0
6,0
288,264
2,0
135,133
48,39
336,381
2,28
173,144
10,80
2,0
4,0
20,9
52,85
20,28
2,0
492,462
4,0
46,21
104,68
6,0
4,19
14,0
24,0
2,0
128,102
2,0
8,32
16,13
5,0
45,19
9,13
128,102
20,0
12,15
2,34
12,21
10,0
4,2
4,0
14,0
2,0
2,26
48,61
12,43
7,0
23,87
6,32
7,0
2,26
10,23
6,57
340,300
312,319
7,43
336,385
3,0
3,0
3,39
2,0
6,0
5,0
3,68
2,0
2,7
10,2
138,155
3,9
12,0
46,30
2,0
226,250
262,268
6,7
6,0
138,155
2,2
8,7
6,34
16,11
49,11
201,215
2,15
2,17
2,0
8,28
7,0
34,15
10,0
4,0
4,0
6,11
4,0
5,48
20,45
24,48
4,9
4,32
2,0
20,17
10,0
2,0
8,30
20,0
4,0
5,41
4,21
6,0
6,9
54,36
9,0
7,41
232,234
32,43
4,36
26,17
6,15
24,13
2,0
5,0
5,28
3,0
10,0
4,0
5,36
4,0
5,0
20,26
10,57
28,26
4,34
5,13
112,131
3,0
4,21
224,240
2,4
2,0
188,215
4,17
4,43
60,100
250,224
20,45
22,0
6,30
2,0
68,83
220,190
16,30
10,43
172,164
3,0
4,0
434,427
10,0
8,9
8,0
2,0
36,85
3,0
4,21
28,28
6,0
6,36
6,0
28,39
94,115
16,2
6,17
2,13
6,41
356,308
20,11
2,0
2,28
168,221
6,11
2,28
2,2
4,26
2,4
2,0
3,15
160,141
36,28
2,34
2,26
72,39
165,190
6,39
20,0
10,0
188,193
3,0
2,0
2,0
20,30
255,261
263,282
3,9
16,54
8,7
14,54
2,0
184,172
82,87
17,7
60,64
9,0
3,17
2,0
281,275
4,0
15,0
52,71
6,0
176,164
173,147
78,118
32,15
2,64
104,105
5,23
4,7
9,15
17,19
4,0
30,15
2,2
84,66
6,34
7,0
4,50
7,30
131,131
30,52
74,102
2,0
12,0
8,32
20,36
3,0
7,7
5,59
31,26
250,296
18,59
2,0
192,193
74,57
188,175
18,0
4,0
2,28
4,0
6,32
486,540
4,0
76,102
20,36
184,215
134,115
16,64
8,30
2,0
156,167
2,34
6,21
276,268
2,0
2,15
2,28
2,0
5,11
42,66
4,23
2,21
3,28
4,0
64,64
4,9
5,43
2,7
20,23
24,2
217,221
4,0
99,68
2,9
20,50
110,54
20,45
24,0
124,155
320,339
376,364
7,11
276,234
92,97
2,0
158,199
2,13
37,17
18,7
6,0
2,0
5,0
7,19
5,0
5,0
4,7
2,0
2,0
5,11
19,11
12,0
4,21
483,552
304,254
2,4
2,0
2,36
352,319
2,0
2,0
20,32
260,264
20,66
2,0
36,0
9,0
4,28
20,45
2,15
2,45
6,2
6,0
10,0
20,50
180,187
2,0
4,41
3,0
5,0
236,275
6,0
36,54
2,0
94,115
12,2
446,368
15,19
2,0
7,73
2,0
4,0
22,28
126,139
4,11
163,199
171,152
2,26
101,120
6,0
6,19
8,15
77,57
2,21
20,0
8,52
6,17
8,36
7,9
3,0
2,0
10,17
388,417
2,26
56,73
20,23
2,0
4,23
20,54
6,39
40,4
51,80
4,28
9,23
8,19
20,26
4,9
3,23
10,4
4,4
5,15
18,61
2,0
22,30
12,32
4,36
120,158
3,36
5,11
28,7
8,0
20,45
2,0
2,13
20,0
6,30
4,0
8,19
56,57
8,0
2,45
52,41
8,43
2,0
31,50
20,39
5,0
20,19
3,17
20,0
6,0
129,118
4,2
12,4
6,4
2,30
8,2
20,23
154,175
12,21
5,19
2,4
20,23
6,21
4,0
109,85
16,112
3,15
3,0
9,0
2,13
8,0
51,39
20,0
4,2
2,7
20,11
12,59
10,4
2,0
14,26
2,34
290,289
65,17
20,32
2,19
2,0
7,36
20,21
16,32
84,71
3,0
2,0
5,15
184,234
90,71
63,85
75,115
15,28
18,0
42,80
3,28
3,0
2,80
4,21
3,13
36,11
20,28
2,9
326,300
4,0
2,21
24,2
4,17
2,0
145,150
244,237
194,196
12,0
130,110
4,0
6,0
7,59
3,0
10,26
8,26
4,41
2,0
62,71
132,112
18,0
10,36
7,0
12,30
5,2
2,9
2,9
4,0
2,13
73,90
2,7
6,23
8,0
2,0
5,36
2,4
4,2
126,141
96,85
7,26
12,15
20,23
128,131
4,45
15,0
104,90
208,202
20,0
3,15
190,215
12,0
16,11
8,41
2,23
2,2
4,7
2,0
5,23
123,133
114,144
12,17
108,85
4,0
4,30
9,0
2,34
20,9
40,78
214,193
40,26
32,17
3,48
2,0
82,107
9,0
64,105
78,90
20,43
95,141
18,64
6,7
8,13
8,0
28,11
6,11
345,304
7,11
12,7
135,190
5,21
4,0
166,144
2,28
4,0
58,45
2,54
7,21
4,4
2,17
104,150
174,164
146,169
308,368
264,234
2,19
5,30
6,0
22,28
10,15
20,32
308,285
4,0
6,0
2,2
70,68
8,21
2,0
6,2
8,0
8,0
4,0
20,28
4,0
2,21
120,80
21,105
4,0
6,39
2,17
4,0
4,11
15,0
8,23
2,13
434,372
4,0
6,21
2,0
9,0
2,7
20,9
181,158
10,7
20,0
257,275
2,0
9,0
2,0
4,43
42,64
8,34
6,11
20,0
3,26
2,0
4,15
4,7
6,0
4,0
2,0
7,19
4,0
4,0
201,199
5,32
20,19
8,0
2,0
2,11
20,17
14,9
121,73
256,296
114,118
4,0
10,7
8,4
8,9
8,15
2,0
38,30
20,28
9,7
53,75
2,7
268,278
2,0
2,19
2,15
2,7
3,0
2,0
4,21
7,2
38,4
4,0
2,0
2,39
6,36
20,30
4,19
4,0
20,15
32,39
2,0
3,7
12,26
5,0
2,30
2,0
20,19
8,2
4,0
8,7
4,30
4,19
8,2
6,23
4,0
8,28
2,15
3,45
12,23
12,28
4,15
2,0
4,52
20,97
4,0
2,0
22,0
2,15
4,0
2,26
4,9
3,0
8,30
18,0
4,0
2,0
10,0
5,0
60,39
20,0
4,32
9,0
271,230
4,4
2,13
2,0
8,2
2,32
244,268
10,19
16,30
13,11
20,34
36,7
2,34
7,0
23,26
4,19
2,9
222,250
20,57
35,28
8,28
10,19
2,2
5,0
2,7
2,30
4,7
2,0
20,32
2,0
20,48
62,43
172,141
5,0
8,23
2,0
6,19
3,41
404,413
213,211
168,247
4,0
12,0
4,0
48,78
4,0
16,57
76,45
8,0
12,30
14,0
6,28
4,13
2,9
4,0
2,13
35,59
6,0
24,32
112,125
114,95
13,36
6,36
12,15
4,17
2,17
2,0
6,36
2,0
8,32
4,0
9,28
37,0
24,26
4,0
3,19
20,9
16,59
110,105
456,422
28,11
2,21
4,0
4,0
20,30
2,0
378,390
3,13
4,19
2,19
2,30
155,190
6,0
2,2
20,9
16,13
6,4
2,9
8,0
134,128
224,178
364,351
5,0
12,28
230,208
2,0
2,0
104,95
20,59
8,26
3,0
6,21
2,0
4,0
20,21
8,0
2,0
6,45
3,48
148,120
32,39
4,11
237,264
6,30
4,41
2,11
134,133
2,23
8,15
10,0
121,118
56,54
3,64
2,32
4,19
90,90
22,23
2,0
6,0
16,43
18,0
6,30
12,39
5,0
5,34
4,26
18,0
97,97
9,39
6,19
2,0
60,41
2,7
189,169
8,32
2,0
10,0
62,92
7,0
8,23
143,167
20,0
2,0
3,0
176,155
12,9
2,21
3,0
166,193
8,26
59,136
20,36
2,23
4,7
5,26
8,0
2,13
12,15
16,0
192,144
2,0
2,32
99,95
20,13
4,30
4,41
20,0
2,4
5,0
2,0
37,21
2,0
4,0
10,0
20,4
150,172
20,2
3,0
40,39
2,0
20,2
4,17
20,13
8,28
20,0
8,23
69,45
6,0
4,15
20,13
20,11
2,0
20,45
54,59
203,202
10,0
4,4
108,107
2,2
4,0
40,78
4,0
26,9
2,0
159,123
4,11
8,26
36,59
5,0
170,150
4,36
20,52
20,17
2,15
222,221
16,0
20,0
2,13
190,172
4,23
6,57
16,68
20,0
8,0
12,0
10,0
4,11
386,403
20,0
2,0
142,128
139,123
236,218
4,2
32,0
20,64
8,0
2,48
3,0
8,11
4,15
2,9
4,0
117,141
4,0
2,7
32,78
10,23
5,2
16,0
13,32
32,80
2,48
20,11
6,0
2,0
2,0
7,0
3,7
6,0
2,11
4,7
3,0
16,0
10,39
228,254
12,48
4,11
48,32
3,13
92,68
162,141
4,0
4,0
8,0
100,136
20,26
6,0
47,45
22,52
4,0
20,19
5,0
4,9
6,11
365,441
258,221
28,2
6,41
162,244
2,32
74,50
22,7
10,23
3,4
20,59
2,21
28,17
10,15
6,0
198,211
106,95
2,4
20,0
461,413
6,2
191,193
2,0
81,95
12,0
4,19
2,0
3,0
6,19
2,0
70,95
124,133
8,0
236,244
2,11
78,115
4,2
6,13
5,0
122,141
20,17
2,9
60,68
19,17
8,28
14,39
2,0
434,436
4,0
2,30
3,0
2,0
20,21
10,19
16,28
40,57
5,15
4,9
182,218
8,0
2,0
8,0
4,13
2,30
2,21
3,45
2,0
19,17
2,0
14,0
20,39
8,0
8,13
2,0
2,0
4,7
148,155
10,21
2,11
2,0
6,7
3,23
136,161
5,11
2,26
152,178
9,30
6,0
12,95
8,11
4,11
208,169
16,0
11,45
6,64
20,32
6,4
4,0
18,11
5,30
4,4
104,131
20,85
4,0
2,23
20,30
12,2
138,150
2,0
70,64
14,41
190,172
2,19
2,0
16,0
8,9
2,0
5,0
2,0
68,68
2,4
150,164
3,17
6,39
178,155
335,293
16,0
16,52
4,23
9,0
2,0
12,9
2,0
2,0
20,43
5,13
372,390
92,133
147,100
11,13
412,355
4,0
12,0
2,26
4,15
8,52
6,0
2,0
278,282
20,39
373,372
13,23
8,0
3,19
12,26
74,85
6,19
2,28
7,0
66,45
48,43
20,50
22,39
6,2
4,7
232,300
5,15
20,45
8,13
114,105
2,11
102,115
4,15
7,0
4,7
2,39
2,41
30,0
368,359
2,15
3,4
2,0
3,0
4,0
4,0
2,21
16,0
378,351
5,0
5,0
34,17
443,403
8,54
2,9
4,0
2,0
6,11
3,2
20,7
20,43
2,21
139,161
6,0
2,0
8,0
10,28
204,218
2,0
22,61
12,13
6,34
312,355
4,2
4,15
2,0
34,0
4,7
56,45
22,28
20,0
124,141
20,13
20,7
6,2
6,43
394,436
20,21
7,0
252,261
282,257
2,9
3,0
16,13
48,41
9,0
72,78
4,39
218,205
20,9
16,2
282,311
12,36
3,0
52,36
156,120
2,0
2,0
2,0
3,41
20,4
17,4
9,0
28,9
27,9
98,80
7,0
7,0
4,0
142,115
18,30
2,39
14,54
4,0
4,26
2,0
10,15
58,75
20,15
2,15
62,92
122,133
4,78
138,118
4,9
72,102
5,11
2,0
2,11
313,359
216,244
20,0
8,41
2,7
2,64
2,0
202,240
4,0
40,66
2,0
18,52
2,2
2,11
430,390
4,15
44,13
206,199
2,28
20,0
2,0
2,0
4,39
34,30
20,0
4,32
4,0
4,9
17,52
222,205
2,9
16,41
2,23
10,39
5,9
262,234
10,13
2,0
4,0
20,21
2,0
200,184
37,39
2,0
2,0
12,23
308,308
2,0
4,17
6,43
8,0
16,30
41,13
2,0
2,0
88,95
25,36
4,0
2,23
2,36
2,17
14,32
2,0
2,7
4,11
6,7
2,39
4,2
116,102
14,4
2,9
2,0
8,0
2,0
2,4
4,0
4,0
238,250
10,0
12,15
3,19
424,327
4,0
20,43
4,11
180,221
338,275
122,128
80,57
20,9
4,15
2,39
8,0
270,275
2,28
2,36
100,68
16,23
132,141
12,9
2,19
2,0
10,0
8,0
6,34
2,0
2,0
6,0
6,0
453,436
128,105
2,0
7,0
106,152
156,150
5,0
24,21
6,0
5,17
2,0
2,0
468,483
8,23
8,41
36,23
6,17
2,0
408,441
31,61
152,169
2,0
4,2
4,4
68,32
6,15
8,9
2,21
13,21
4,36
20,13
29,32
2,0
4,21
5,0
7,4
20,45
442,499
180,187
4,0
4,4
20,2
6,0
7,4
188,218
2,0
72,85
2,11
20,41
2,2
10,26
289,285
6,0
6,26
8,36
4,21
5,0
34,64
2,0
8,11
28,15
40,48
2,0
76,34
8,0
2,0
4,0
8,0
6,0
2,0
2,13
2,0
20,54
8,0
14,9
2,39
2,0
2,0
4,50
14,71
2,13
2,0
14,21
162,158
6,7
2,0
8,26
2,19
8,11
41,54
52,50
8,0
4,0
2,43
3,2
2,54
2,0
94,115
22,59
20,34
332,264
4,21
30,4
3,0
4,0
4,9
18,0
12,0
2,13
10,21
72,78
8,17
2,9
8,26
8,4
2,23
4,0
4,0
404,408
2,30
104,95
118,147
3,11
5,0
10,4
96,90
4,48
4,39
2,39
12,32
2,13
10,26
28,45
2,30
13,17
20,19
239,202
2,13
4,28
2,0
8,0
2,0
90,100
20,26
2,32
12,43
17,43
324,347
4,0
20,59
4,23
210,199
20,21
2,9
8,2
20,7
184,167
20,21
6,32
4,15
20,7
9,9
2,0
20,45
4,0
2,0
2,4
2,0
209,234
4,15
2,0
20,0
30,43
20,45
2,0
20,36
2,0
2,19
2,0
20,15
4,4
14,17
2,7
3,30
14,28
43,0
12,34
82,87
2,2
31,0
6,0
358,347
44,52
2,0
76,73
214,250
2,0
60,54
2,0
142,184
2,7
4,0
147,123
10,64
2,28
62,28
2,0
28,39
20,0
3,0
4,0
3,7
2,0
2,0
66,92
6,43
3,0
82,97
24,41
2,0
62,71
2,32
4,48
17,9
12,21
10,39
4,9
12,0
120,187
6,7
6,0
37,7
2,39
2,0
2,0
20,36
4,0
2,0
167,184
334,327
2,34
426,422
2,15
8,0
3,2
3,0
2,0
15,4
246,257
4,0
2,0
2,0
10,15
164,202
10,26
20,17
4,0
14,23
151,205
4,4
443,483
202,190
16,0
15,9
6,11
20,26
53,115
19,0
2,9
4,21
220,215
6,0
20,54
3,11
2,0
9,36
48,45
24,43
216,237
92,73
2,39
4,0
2,0
2,0
2,13
3,0
8,21
2,11
246,268
2,36
4,13
4,57
2,0
24,0
2,0
226,224
4,11
2,0
70,43
2,15
2,0
10,13
2,11
50,48
4,45
20,0
20,0
10,0
2,17
4,23
4,34
28,7
4,0
4,23
184,184
256,327
2,0
2,34
2,4
18,2
10,39
4,32
112,120
20,15
3,0
4,23
3,26
20,0
8,0
2,0
8,19
10,15
2,15
8,0
8,11
2,39
39,85
6,0
2,0
5,50
20,26
20,0
5,17
6,0
2,50
260,304
15,2
14,41
90,115
100,125
16,21
8,0
186,152
8,26
8,26
4,0
20,41
4,17
9,26
32,43
149,169
2,4
10,50
2,0
195,169
9,0
2,28
4,0
110,59
2,0
20,28
2,15
2,0
2,0
3,0
20,0
3,61
2,0
4,0
2,4
4,50
2,21
2,13
8,0
26,30
168,215
2,7
34,61
6,0
4,0
12,4
134,95
8,26
76,107
474,488
16,0
2,39
125,123
58,83
12,0
3,0
2,0
15,4
288,304
106,71
4,0
2,0
8,26
126,141
2,0
4,0
356,403
44,9
16,61
52,45
128,112
440,534
10,0
4,0
8,4
66,64
20,15
8,41
12,0
52,71
4,41
4,0
6,28
6,0
196,187
162,190
2,0
24,61
14,0
2,17
172,175
2,34
20,13
50,23
4,21
6,17
2,0
78,66
147,100
16,2
20,43
6,30
10,0
2,0
9,0
176,181
8,39
24,0
20,30
20,39
28,85
128,139
108,80
10,0
20,23
20,2
2,23
4,39
60,87
72,61
2,54
277,271
3,0
12,0
70,73
2,43
9,0
2,0
2,0
328,278
2,2
2,7
204,202
8,0
2,2
3,0
2,26
25,0
51,11
160,147
12,21
2,0
378,394
4,0
2,21
102,92
3,23
36,0
403,331
44,32
56,61
110,175
290,339
4,0
20,21
4,13
2,0
2,23
6,26
8,45
4,32
101,105
438,399
234,296
8,39
12,15
2,15
6,15
9,34
4,0
102,90
8,26
20,41
3,17
2,23
70,66
282,308
2,0
107,85
4,36
23,21
8,26
2,0
2,13
314,282
201,178
2,2
41,48
134,155
4,30
2,61
12,26
2,0
4,0
4,13
2,0
2,21
3,36
8,0
4,26
2,0
18,13
12,19
4,0
3,19
4,75
6,0
8,0
4,9
20,0
4,0
5,17
54,41
453,441
4,23
16,11
2,0
10,39
6,32
2,26
4,0
12,2
20,0
4,36
4,0
8,7
4,4
20,23
2,34
5,54
2,0
2,0
3,23
2,0
44,59
10,0
106,92
216,254
70,80
4,36
4,0
122,105
6,21
5,4
8,71
18,26
10,0
4,7
4,41
4,13
20,0
6,48
12,2
20,54
4,32
2,0
39,0
2,11
30,17
6,26
54,19
76,78
2,2
4,0
20,43
20,0
2,50
62,32
2,0
5,0
46,66
2,0
440,364
136,128
4,19
166,155
10,19
2,9
248,230
4,57
2,0
6,7
4,0
8,23
4,43
394,372
5,19
2,0
2,0
2,0
4,0
8,26
112,112
14,9
32,2
3,11
3,0
219,234
2,0
2,15
3,43
5,28
20,17
144,112
20,0
150,123
2,23
25,34
8,17
8,0
492,546
20,28
8,0
2,48
2,15
35,41
4,0
16,0
146,164
4,23
16,0
2,0
2,0
6,15
28,13
4,4
3,34
14,50
3,0
20,30
2,26
373,427
4,4
2,0
2,0
4,59
12,0
2,0
4,0
9,15
4,0
2,0
4,4
2,21
12,41
6,2
2,0
4,0
29,48
8,11
2,48
5,23
20,30
20,2
4,0
462,488
2,0
8,0
10,0
4,68
20,36
8,9
324,355
12,11
8,9
3,0
410,385
2,0
12,48
24,78
4,0
20,45
6,0
4,13
8,30
8,0
184,227
4,0
48,7
126,158
2,0
458,446
24,0
2,0
2,17
8,23
2,0
20,19
4,9
2,11
6,7
10,19
362,381
254,289
32,13
2,21
3,26
8,13
3,17
249,211
2,0
188,230
66,71
2,4
2,32
2,0
4,0
12,11
12,39
176,164
2,0
36,19
88,107
3,2
196,141
176,158
4,28
6,54
41,52
14,0
8,0
6,0
10,4
2,73
8,15
9,0
444,436
6,0
16,15
4,4
4,9
2,4
47,11
102,110
6,0
2,36
2,0
36,52
2,11
8,28
2,0
3,0
20,43
2,0
2,7
116,97
20,19
20,15
2,11
15,7
2,0
4,11
2,64
2,23
368,347
468,499
2,0
206,234
146,158
3,30
4,0
6,54
2,0
46,75
2,32
2,0
37,32
190,211
4,9
15,61
230,311
4,32
52,30
4,19
226,234
60,139
340,289
2,0
2,13
2,34
2,0
4,0
2,0
4,2
2,0
2,0
26,54
200,178
16,13
150,187
4,0
20,0
3,26
50,95
4,0
214,240
2,0
5,0
9,43
12,0
226,202
20,85
4,0
2,0
4,17
95,59
2,11
2,0
4,0
383,417
2,15
2,7
20,26
2,0
32,48
24,23
6,21
20,0
236,257
2,0
20,21
4,64
2,0
56,48
2,9
6,0
4,0
456,427
2,0
2,30
4,0
9,28
12,0
10,7
4,0
2,2
2,28
4,0
12,15
14,13
144,136
82,100
4,36
30,0
2,9
8,0
2,39
2,39
2,26
56,118
2,11
12,0
4,23
42,50
31,19
20,0
4,0
2,11
6,73
6,0
10,26
492,417
2,0
8,28
9,0
4,0
44,59
2,0
8,0
61,66
2,13
11,26
9,0
2,0
72,112
4,0
2,32
21,39
10,0
237,331
244,257
104,144
8,0
2,48
2,0
2,0
2,0
2,36
6,15
8,4
2,34
36,0
364,403
2,0
2,17
20,0
20,0
4,36
2,19
2,0
34,71
16,0
2,0
2,0
6,4
150,141
21,26
4,26
3,0
10,26
4,13
8,11
320,271
13,17
6,0
4,21
64,71
2,0
2,26
114,110
24,2
18,26
2,9
9,26
20,17
3,19
2,7
6,11
6,7
4,0
12,32
2,0
2,0
2,0
2,68
122,164
432,422
8,32
16,0
10,34
2,39
48,32
2,43
204,144
4,28
4,23
8,28
14,0
14,41
200,221
2,0
2,0
194,178
16,15
24,0
4,2
6,0
16,17
4,19
2,11
7,0
20,43
2,30
5,30
2,26
5,43
330,390
264,275
48,54
16,36
80,80
36,34
8,11
498,462
2,0
258,211
38,50
4,32
346,351
12,30
2,0
14,7
42,32
8,4
10,0
4,0
3,41
20,4
104,131
2,0
304,343
2,15
60,54
160,158
2,21
2,7
4,0
20,0
60,68
2,15
4,0
380,364
72,48
13,0
64,78
220,202
484,456
2,0
8,43
2,0
102,120
30,41
2,34
346,381
2,50
4,0
466,441
70,92
4,2
140,147
2,9
26,0
2,34
88,73
2,0
20,0
20,36
11,17
104,92
6,9
2,23
11,0
2,7
4,41
4,23
2,0
5,0
257,240
6,0
2,30
220,193
204,257
3,0
128,115
2,17
29,2
2,0
2,0
3,0
20,34
180,190
20,7
20,0
4,0
204,172
2,23
20,34
4,45
6,21
32,0
8,19
2,7
150,115
228,244
436,467
166,181
2,0
2,13
2,19
10,28
4,9
19,45
8,0
4,36
2,0
2,0
204,230
46,92
111,133
9,28
34,39
188,196
2,0
2,34
4,30
14,34
20,0
20,50
2,0
20,17
4,19
3,7
3,11
4,0
49,61
2,0
2,0
3,9
26,19
2,0
8,0
2,0
10,0
62,95
35,36
6,32
16,34
2,26
2,0
2,0
8,45
179,128
9,7
2,0
3,0
408,327
23,23
2,0
3,0
2,0
34,4
20,41
20,57
2,0
5,30
2,0
2,0
160,152
24,13
20,4
2,0
2,4
2,0
2,19
4,11
20,15
6,21
12,17
6,0
20,0
4,0
20,11
8,45
112,128
2,0
4,13
3,11
9,48
6,4
13,43
20,9
257,261
20,45
2,13
2,48
20,43
20,23
4,4
4,7
6,15
2,32
28,11
22,80
4,0
4,17
76,95
6,0
34,28
33,28
2,0
6,11
116,178
2,0
2,30
2,9
2,0
20,0
140,131
6,0
2,36
66,68
18,17
6,23
20,11
6,36
10,11
2,0
72,34
2,23
2,15
4,28
11,2
8,4
4,36
2,17
148,155
20,13
20,0
48,0
2,0
112,120
2,0
2,2
132,131
118,139
7,0
10,0
8,0
6,0
16,19
6,11
20,2
80,92
22,41
394,417
4,45
2,23
162,196
45,57
26,0
2,23
4,0
5,0
262,250
15,39
4,21
10,0
110,105
2,15
26,102
4,0
4,0
85,45
4,11
224,181
2,0
10,26
2,19
124,144
98,152
70,57
4,0
2,0
20,15
2,0
2,43
20,45
188,227
10,41
26,9
20,45
20,32
216,205
436,403
2,9
16,13
3,45
20,0
24,71
20,26
6,45
8,11
2,0
4,0
2,0
6,2
106,139
20,0
3,0
6,0
2,21
6,0
14,0
14,30
4,0
2,0
6,0
2,4
110,172
2,0
6,9
337,427
20,23
2,7
398,381
20,39
126,155
2,0
12,32
4,13
20,80
8,7
3,0
32,41
4,0
2,57
190,172
482,462
20,26
2,30
334,323
2,0
4,48
2,54
2,28
20,39
20,0
4,28
2,0
4,0
20,54
2,2
2,0
146,118
2,0
166,175
18,36
4,0
12,2
348,339
4,28
2,23
20,39
8,28
20,28
284,296
2,0
106,78
2,0
4,30
2,4
90,75
17,50
100,105
38,13
6,59
86,78
3,0
3,0
14,23
400,413
376,351
112,110
24,68
9,17
187,178
2,28
3,0
2,0
20,9
93,90
2,0
2,11
106,133
2,2
130,141
12,26
8,0
20,54
4,41
4,19
14,0
22,30
4,26
4,9
8,0
144,158
12,68
3,0
6,0
4,15
68,64
60,68
8,39
4,9
6,11
2,9
2,13
64,68
2,0
10,11
24,21
4,17
362,359
3,11
20,26
2,11
100,131
422,451
4,11
4,0
103,115
9,64
8,0
68,78
30,17
2,15
8,7
6,36
2,0
2,0
2,0
4,2
6,0
5,13
8,28
314,359
2,9
20,39
4,0
2,48
6,21
2,0
2,4
2,28
44,17
12,0
272,244
62,92
16,13
16,28
4,7
2,23
100,90
4,0
20,7
2,0
166,199
20,0
8,30
448,372
2,26
2,0
2,30
3,26
3,17
2,0
4,43
2,9
2,0
2,0
2,7
2,0
2,0
2,0
2,0
8,0
3,0
6,0
16,0
40,19
166,202
20,0
8,43
2,57
2,4
186,147
12,36
4,11
2,0
2,0
124,139
4,11
10,17
42,75
6,0
26,43
22,71
6,2
154,131
44,30
2,32
2,0
232,247
4,0
76,57
74,59
4,9
24,75
4,0
2,0
19,19
4,30
8,2
8,2
218,240
28,34
18,61
24,36
20,32
4,0
2,0
48,32
194,181
2,7
7,0
20,0
4,0
10,17
163,141
6,19
4,17
20,48
60,57
20,57
2,13
2,0
96,92
20,4
2,0
5,36
2,2
431,441
22,36
20,23
2,23
2,0
2,21
236,261
20,21
2,0
277,250
20,36
10,9
6,2
22,36
4,15
4,17
6,7
36,66
2,21
2,13
4,0
20,48
20,57
184,144
12,45
150,152
2,0
2,32
11,0
118,112
6,39
2,0
2,7
2,17
4,0
6,0
2,15
20,0
3,64
174,172
2,13
10,28
20,23
4,4
4,26
4,26
56,21
3,61
12,4
2,13
14,0
2,0
4,9
52,57
420,390
3,9
2,0
2,0
2,0
3,0
2,48
2,0
6,0
20,30
2,17
20,4
44,41
2,0
6,9
32,48
337,308
58,61
4,30
20,23
6,32
2,4
10,23
242,268
3,15
8,43
2,0
2,0
4,0
2,2
20,43
5,7
2,15
196,196
4,23
4,0
8,23
336,381
4,73
4,45
98,120
8,0
2,15
2,7
4,0
2,0
4,0
2,0
20,30
2,19
2,0
2,13
2,32
10,19
2,21
2,0
6,15
2,0
20,0
102,85
6,13
2,0
116,97
112,78
8,21
8,0
2,13
2,0
10,36
55,52
188,155
2,34
3,0
2,4
10,9
8,0
3,2
2,2
2,0
2,0
2,13
10,13
4,0
8,45
6,0
20,34
2,0
20,36
192,187
2,36
2,0
239,224
3,7
4,0
2,36
8,4
2,34
2,0
10,0
20,2
2,30
8,30
6,0
8,28
6,0
48,45
6,0
2,4
20,17
66,92
8,26
3,26
44,57
2,0
54,54
110,95
2,0
2,0
2,0
14,43
4,0
160,150
6,0
122,150
20,21
2,0
2,0
21,36
2,23
252,215
178,158
410,403
2,23
2,13
54,57
2,17
20,32
4,9
33,4
8,0
2,7
417,364
20,0
160,133
2,15
20,2
9,43
6,7
124,150
2,0
16,7
2,13
28,61
8,0
378,368
94,167
4,0
2,0
4,0
4,9
28,7
54,32
20,7
2,0
2,4
234,187
4,2
38,45
50,59
166,123
42,0
2,0
12,59
2,0
138,141
2,0
4,9
102,147
2,0
486,534
136,161
28,7
2,17
17,45
20,32
2,28
2,15
60,45
20,21
4,0
2,9
74,73
2,21
20,19
2,2
4,7
4,0
2,2
2,4
8,7
12,0
2,0
2,13
156,175
52,28
2,32
2,0
371,381
20,4
22,39
17,61
6,0
4,4
192,199
3,2
9,32
4,0
312,300
2,15
10,13
2,13
2,0
2,32
130,155
2,2
2,0
6,19
144,164
20,2
4,9
3,0
20,19
4,11
20,0
2,0
64,71
4,0
2,0
14,0
452,441
20,0
4,21
2,2
2,4
40,95
15,36
232,254
4,2
20,0
2,17
2,0
129,123
468,472
2,0
2,0
20,26
4,0
110,92
4,9
4,0
442,385
354,390
9,54
74,78
10,21
2,9
4,0
2,9
20,23
12,0
2,0
14,0
20,4
312,323
2,0
12,0
10,50
8,13
188,158
10,0
6,9
20,30
4,28
20,41
28,13
10,0
4,0
2,28
12,11
2,0
4,0
412,385
2,28
5,39
2,34
8,32
8,0
4,28
38,48
20,15
20,28
2,30
2,9
4,0
2,23
2,75
100,115
2,0
120,118
260,218
20,0
2,26
20,34
326,343
20,13
2,23
10,0
2,2
8,41
6,34
12,19
20,34
2,15
6,0
16,0
2,19
20,34
206,155
16,41
4,4
170,205
6,34
2,0
4,2
6,0
2,0
40,54
2,13
4,11
10,32
132,123
2,23
2,0
36,57
290,335
32,48
10,0
4,45
12,0
40,28
100,150
480,408
134,110
2,0
2,28
2,9
2,0
3,0
4,0
164,131
20,43
4,0
20,11
16,15
320,271
6,11
2,4
40,28
2,0
2,0
2,21
2,2
7,48
4,19
20,0
8,0
4,45
12,0
485,494
272,240
14,15
92,80
20,2
260,264
4,0
2,0
8,48
112,92
46,43
2,11
2,0
2,15
2,0
2,23
2,0
3,0
8,0
2,0
28,57
3,0
2,0
148,85
2,0
2,17
2,0
6,0
4,0
6,0
416,451
8,0
220,196
8,0
332,282
2,52
6,9
2,0
2,17
4,26
2,9
20,52
4,0
28,64
8,0
20,7
161,178
2,11
414,417
9,0
8,4
110,112
4,4
2,0
2,19
6,0
2,26
2,0
4,0
9,0
270,247
3,0
364,311
4,2
8,0
60,52
2,0
2,0
2,0
2,0
4,39
2,2
10,15
2,0
10,9
8,9
22,43
2,32
20,2
29,17
2,0
2,0
2,32
20,59
20,13
178,178
8,32
3,0
22,19
216,240
28,32
4,0
16,13
6,0
2,21
2,0
9,0
2,19
50,59
2,17
2,9
2,0
2,0
34,7
4,0
20,13
2,0
2,13
4,41
2,0
144,102
116,141
2,0
2,11
6,0
22,48
8,0
2,0
2,0
66,71
436,427
160,205
2,4
4,0
16,17
2,4
6,23
3,0
2,39
2,0
4,30
2,21
32,43
20,45
20,0
20,57
2,0
148,125
8,0
4,11
20,21
4,0
2,0
2,0
146,161
4,0
2,19
14,28
6,21
3,43
2,30
4,0
6,0
4,0
10,36
2,0
6,15
16,13
24,9
64,43
2,7
8,0
2,0
2,0
6,19
88,85
6,26
6,26
2,9
84,161
2,0
4,7
4,0
2,4
146,141
6,0
4,0
2,39
268,300
2,11
2,4
12,0
8,41
4,0
18,48
120,83
20,0
2,28
148,102
2,0
4,0
12,23
72,73
20,11
4,0
2,48
8,0
2,0
10,0
8,28
4,4
258,221
2,30
12,9
2,0
208,234
20,52
2,0
58,36
2,0
170,167
2,0
2,11
2,13
2,2
2,0
20,30
2,4
2,0
2,23
2,23
2,39
20,0
56,48
4,0
12,0
2,36
88,102
12,13
8,34
20,28
20,2
28,0
8,15
92,112
6,64
20,32
2,19
222,275
4,7
2,2
4,0
6,39
494,522
6,19
368,394
2,0
4,0
4,0
14,17
148,169
206,187
20,11
2,11
4,0
90,73
2,0
4,0
2,0
2,2
20,0
8,7
116,107
4,0
4,0
2,21
2,0
24,34
4,0
2,2
132,120
20,34
4,0
4,15
160,125
58,52
220,224
4,0
120,115
2,36
2,34
48,78
8,15
20,23
4,9
2,2
2,0
3,0
128,128
16,0
20,0
2,13
20,43
136,112
2,0
3,0
4,0
4,11
2,0
2,21
3,19
2,0
436,456
2,0
12,0
4,17
2,0
48,11
2,0
136,112
2,32
20,17
116,92
4,0
386,427
394,390
2,17
8,15
66,43
4,26
234,190
2,0
2,21
20,26
2,32
3,0
122,105
2,28
2,0
20,28
6,41
146,175
20,30
2,4
8,0
315,331
6,13
134,131
20,28
16,7
2,0
2,0
4,17
2,0
4,0
20,9
20,11
12,26
38,45
2,26
46,68
12,26
2,0
25,0
20,34
12,15
38,4
92,112
8,30
324,293
2,21
4,11
4,0
2,13
42,59
242,230
2,13
102,97
16,0
12,28
2,0
2,15
384,427
64,123
2,7
2,0
10,0
6,28
2,26
5,15
2,32
4,0
4,9
8,0
4,0
9,7
220,224
12,0
6,0
2,0
4,0
32,41
2,61
8,30
3,43
2,39
12,4
12,2
4,2
8,0
104,115
40,26
2,0
20,21
74,133
2,0
2,11
320,244
18,0
148,139
4,28
282,261
24,48
2,0
460,510
8,0
34,0
66,100
8,21
2,0
36,30
2,15
8,30
10,21
2,11
2,0
20,71
10,9
10,17
2,17
16,50
4,7
20,23
12,0
2,11
110,155
34,19
6,0
214,196
20,50
2,43
4,39
2,0
2,48
2,0
4,41
458,467
4,9
4,34
2,7
6,23
2,48
2,0
8,0
2,0
81,71
2,34
2,0
20,13
4,36
272,359
24,54
2,21
2,17
20,13
4,0
3,17
2,7
2,0
4,9
44,43
152,230
8,2
4,21
250,285
2,19
46,21
6,0
24,0
2,0
32,68
30,73
306,319
20,17
2,45
2,0
20,39
4,0
2,45
2,23
2,17
4,0
96,90
4,52
42,57
6,0
14,54
2,0
6,0
12,11
2,17
4,23
2,0
18,43
14,11
26,68
128,115
2,39
2,13
172,196
96,131
26,0
116,161
2,28
14,0
2,2
8,17
132,147
4,30
20,39
128,193
2,0
8,0
2,0
2,0
4,0
32,17
2,0
20,13
2,0
62,32
3,78
3,15
10,0
2,50
20,30
2,39
6,19
4,28
2,0
104,112
26,52
4,0
4,0
36,15
2,34
2,4
9,0
2,0
6,0
4,0
2,13
20,21
2,19
4,11
2,28
8,0
4,0
24,21
10,0
10,11
50,61
4,39
2,36
2,30
110,71
2,36
28,9
106,100
2,0
362,364
414,427
2,0
2,19
2,11
2,0
62,71
20,11
20,0
130,120
4,39
2,0
2,0
2,21
10,0
10,21
4,0
2,0
152,169
2,0
2,0
2,15
44,43
2,50
6,17
2,21
252,215
2,0
2,30
18,21
242,335
2,2
2,45
2,0
4,9
20,34
2,34
3,13
2,0
20,9
20,0
20,7
32,57
4,0
2,15
4,0
6,26
128,152
6,0
2,36
13,59
2,0
8,11
2,0
2,0
4,0
2,0
156,202
2,0
20,4
4,34
20,34
2,21
20,11
2,0
20,0
20,0
16,0
4,21
144,161
298,308
260,282
24,4
2,11
2,13
8,0
8,0
8,0
20,43
32,0
326,390
20,57
114,131
4,21
20,0
2,9
386,451
8,0
6,0
52,21
8,0
2,11
10,34
4,4
6,9
3,0
4,13
14,36
2,28
2,13
4,0
20,9
20,4
4,0
2,0
20,0
106,110
8,28
2,0
2,34
2,23
20,36
4,9
40,13
4,36
20,48
2,11
2,0
4,32
2,0
2,0
2,0
2,19
160,244
136,118
16,11
2,30
2,4
4,0
2,2
2,0
172,215
2,0
2,36
20,59
320,339
4,0
72,57
2,0
2,13
4,0
4,0
10,32
4,0
14,2
14,23
4,0
128,150
20,0
20,0
48,19
6,26
2,2
4,21
112,90
2,0
152,131
10,0
134,123
2,19
4,0
4,0
6,0
366,339
134,152
2,41
10,28
10,11
2,0
56,125
2,0
2,0
6,0
112,110
78,85
116,150
2,0
110,71
28,0
20,21
132,178
2,0
20,0
2,11
8,17
10,7
2,0
36,4
2,21
78,107
2,43
2,45
2,0
4,0
4,7
21,15
2,4
2,41
4,0
474,408
86,100
8,7
142,107
4,4
84,125
22,28
2,26
12,9
20,41
18,19
4,0
2,9
4,45
2,26
2,11
2,43
2,0
66,95
4,0
2,50
20,7
8,0
12,75
4,4
2,0
4,17
56,52
2,0
20,36
4,0
168,150
20,0
2,0
6,0
2,2
20,17
2,2
10,23
20,2
14,52
2,0
2,0
4,34
194,164
20,59
388,372
2,7
4,0
2,4
44,102
20,54
20,32
2,19
6,0
2,0
2,15
2,0
86,75
218,215
8,0
10,32
140,107
2,23
2,0
8,11
2,0
4,0
106,97
2,50
4,9
118,128
20,43
18,26
480,494
192,218
22,36
2,45
162,152
112,158
52,102
278,278
2,19
32,50
2,0
20,0
58,61
4,2
2,17
2,15
332,289
140,112
2,32
2,0
2,50
20,23
107,107
20,28
2,0
2,0
16,45
30,0
2,0
6,19
2,21
14,0
304,247
2,34
362,327
2,43
6,50
440,488
10,11
10,0
10,0
6,32
152,139
238,215
2,15
4,39
2,13
2,13
2,0
18,21
70,115
2,13
6,34
312,385
424,399
42,13
3,0
4,21
2,21
6,34
8,0
10,39
2,21
126,169
4,2
296,315
42,39
259,211
62,95
2,15
2,0
2,4
162,184
12,7
144,128
20,13
24,19
244,221
42,52
2,0
24,0
62,50
15,50
4,0
2,0
16,7
2,39
24,0
8,26
6,26
21,32
24,11
14,13
220,244
20,48
20,0
2,0
8,0
12,13
36,45
2,0
2,4
4,4
2,0
36,36
2,0
198,205
6,0
2,26
20,41
50,36
2,2
4,64
3,0
4,39
400,355
276,285
20,52
10,0
3,0
2,28
20,9
2,30
184,190
2,17
24,11
2,48
284,323
58,80
2,26
2,0
170,144
20,9
20,15
108,75
20,34
20,11
10,0
114,92
2,0
2,0
2,39
348,331
2,34
2,0
126,102
4,13
8,28
50,71
4,0
2,11
4,23
128,80
2,39
2,0
2,0
2,0
2,0
22,50
6,41
2,21
10,9
2,0
2,26
8,30
48,90
72,41
2,2
2,0
20,0
2,11
20,43
4,13
2,0
12,0
6,13
2,0
26,21
20,48
8,15
4,0
2,39
8,19
4,0
24,34
94,87
14,13
2,0
12,13
2,9
20,59
2,0
2,0
2,0
352,364
4,19
2,0
20,39
4,0
2,0
142,136
2,21
2,0
2,0
8,30
4,0
4,0
14,0
4,0
6,0
160,144
2,0
2,19
20,54
2,23
264,296
4,0
182,147
20,19
2,2
2,0
2,0
10,15
324,331
20,34
232,211
220,221
30,19
272,230
8,30
20,13
2,4
3,0
2,4
10,39
2,19
6,19
8,21
36,61
118,105
2,0
2,0
2,28
12,85
2,2
132,133
2,0
162,152
172,175
56,73
3,0
4,0
2,21
20,9
20,34
2,0
4,17
2,0
276,278
2,0
4,23
6,34
22,43
2,13
4,9
148,164
2,13
8,0
2,0
48,83
26,43
20,30
2,0
4,36
398,381
42,36
2,13
116,85
4,19
8,9
58,52
2,0
4,0
2,0
8,26
52,9
2,0
150,141
150,115
20,39
8,0
48,50
20,115
4,0
6,32
122,92
48,50
2,19
112,118
52,45
23,64
2,26
4,0
2,28
2,0
4,0
4,0
164,147
4,0
2,13
4,0
26,0
2,0
46,30
4,0
4,0
2,21
20,21
2,11
4,32
8,0
2,9
4,15
2,7
20,41
4,17
20,0
4,21
3,73
2,0
2,15
44,9
8,4
2,0
20,26
2,66
2,0
24,26
8,7
2,0
4,21
10,0
4,0
244,205
8,0
76,45
8,52
6,0
20,39
2,0
2,0
8,28
2,45
2,30
174,167
2,41
10,0
2,0
2,0
224,224
8,13
2,13
2,17
20,17
2,36
6,36
2,36
2,0
12,2
8,9
20,4
6,23
20,28
18,41
2,34
4,4
4,15
2,7
6,21
8,11
6,0
2,0
400,546
2,0
44,41
306,339
4,52
118,128
6,0
2,15
4,17
10,0
16,39
2,0
106,85
20,15
4,17
10,2
2,2
20,15
32,0
128,110
20,41
2,0
18,21
374,408
354,323
8,0
2,0
2,43
2,0
2,0
2,7
128,158
24,59
2,0
2,0
